>R_scaffold_0
-30 +48 -36 +42 +81 +67 -77 -19 +65 +58 -46 +16 -15 +24 +56 -54 +37 $
>R_scaffold_1
-52 -4 -6 +50 -63 +70 -47 +10 -59 $
>R_scaffold_2
+20 -31 +74 +75 +41 $
>R_scaffold_3
-27 +32 +34 -28 +79 $
>R_scaffold_4
-14 +25 +68 -38 -12 +57 $
>R_scaffold_5
+80 -22 +83 $
>R_scaffold_6
+73 +44 +82 $
>R_scaffold_7
+78 +17 -61 +39 $
>R_scaffold_8
-55 +8 +69 $
>R_scaffold_9
-49 +66 -5 -13 $
>R_scaffold_10
+60 -76 +26 -8 +55 $
>R_scaffold_11
+71 +51 $
>R_scaffold_12
+29 +72 $
>R_scaffold_13
+23 +53 +40 $
>R_scaffold_14
-11 $
>R_scaffold_15
+33 $
>R_scaffold_16
+64 -45 +43 $
>R_scaffold_17
-35 +18 +7 $
>R_scaffold_18
+9 $
>R_scaffold_19
+62 $
>R_scaffold_21
+21 $
>R_scaffold_24
-1 $
>NC_008750.1
+35 -1 -43 +45 +66 +21 +62 -1 -9 +11 -1 +13 +3 +3 +29 -3 +72 -39 +61 +22 -37 +54 -82 -24 +15 +31 -16 +46 +77 -65 +4 +19 -67 -42 +36 +68 -48 +30 +28 -32 +27 -1 +26 -10 +47 -4 -50 +63 +6 +70 +52 +20 +74 +79 +76 +75 -60 +41 +34 +69 -57 +12 -2 +38 +53 -25 +14 -33 +1 +73 +58 +44 -2 +56 +80 +78 +2 +17 +83 +1 +71 +23 +81 +40 +1 +5 +49 +64 +51 +1 -7 +59 -18 $
