>Q_Shewanella_putrefaciens_Pdp11
-3 +7 +1 -5 +23 +1 -36 +11 +1 +21 +1 -34 -6 -1 +48 +10 -1 -31 +8 -1 -26 +17 -37 -14 +12 -13 -1 +46 +42 -1 +20 -15 +19 +28 -29 +30 +25 +12 +50 +50 -35 +45 +24 -32 +43 +9 +47 +1 +41 +22 +14 +51 +29 +44 -16 +33 +40 -38 +18 -3 $
>NC_017579.1
+34 -1 +48 +36 -1 -23 +5 -1 -7 +3 -18 +38 +42 -1 +20 -33 +16 +28 +30 -43 +32 +2 -24 -9 -45 +35 -2 +49 +49 -25 +47 +1 +41 +4 +22 +51 +44 -19 +15 +40 -46 +1 +13 +37 +4 -17 +26 +1 -8 +31 +1 -10 +11 +1 +21 +1 +6 $
>NC_017577.1
-4 $
>NC_017580.1
-39 +27 -2 $
>NC_017578.1
-2 -27 +39 $
