>R_scaffold_13
+63 +12 -36 $
>R_scaffold_9
+35 +32 +54 $
>R_scaffold_10
+57 $
>R_scaffold_3
+28 +41 +43 $
>R_scaffold_4
-40 +3 +47 +24 $
>R_scaffold_18
+34 $
>R_scaffold_2
+23 +31 +38 $
>R_scaffold_8
+2 +25 +26 $
>R_scaffold_11
+66 +17 +60 +26 $
>R_scaffold_1
+21 +37 +49 -18 +62 $
>R_scaffold_7
+53 +27 +6 +52 +29 $
>R_scaffold_5
+44 +19 $
>R_scaffold_16
+33 $
>R_scaffold_12
+64 -50 $
>R_scaffold_14
+10 $
>R_scaffold_0
+22 +11 +68 +59 +42 +67 +5 -45 +16 +48 -15 +58 $
>R_scaffold_6
-13 +51 $
>R_scaffold_17
+65 $
>R_scaffold_15
+55 +4 $
>R_scaffold_22
+20 $
>R_scaffold_24
+69 $
>R_scaffold_19
+7 +14 $
>R_scaffold_20
+8 +39 +61 $
>R_scaffold_29
+1 $
>NC_009438.1
+61 -1 +63 -7 +35 +12 +30 +9 +46 +46 +56 +30 -1 +57 -1 +28 +13 +43 +15 +47 +45 +2 +24 -1 +34 +23 +38 +25 +21 +66 +37 +17 +50 +49 +62 +53 -29 +56 -9 +27 +52 +6 +44 -60 +1 +33 -10 +64 +22 -31 +11 +59 +67 +2 +5 +42 +16 +18 +48 -3 +40 +58 -41 +51 +65 +54 +1 +36 +55 +68 +4 +1 +20 +69 -32 +14 +1 +8 -19 +39 $
