>R_scaffold_5
+47 $
>R_scaffold_7
+9 +44 $
>R_scaffold_11
+4 $
>R_scaffold_2
+25 +14 +40 -20 +27 $
>R_scaffold_0
+43 +16 +12 +37 +41 +38 +33 +8 +51 -29 +17 $
>R_scaffold_4
+35 $
>R_scaffold_9
+22 $
>R_scaffold_14
+11 $
>R_scaffold_6
+19 $
>R_scaffold_3
-23 +6 +32 +13 $
>R_scaffold_1
-21 +46 +26 +45 +31 +50 $
>R_scaffold_8
+36 -24 +34 +42 +48 $
>R_scaffold_15
+5 $
>R_scaffold_16
-39 $
>R_scaffold_10
+18 +7 +15 $
>R_scaffold_12
+28 +49 $
>R_scaffold_17
+1 $
>NC_009665.1
+49 +1 +47 +1 +39 -5 +1 +9 +24 +44 +1 +4 +25 +30 -10 +30 +10 +40 +1 -26 +21 +27 +1 +43 +23 +16 +37 +2 +3 +8 +33 +2 +51 +17 +29 +35 -2 -41 -12 -1 +22 +11 -38 +19 +6 -3 -2 +32 +42 -3 -2 +13 +46 +20 +45 -14 +31 -1 +50 +36 +34 +48 -1 +7 -18 +15 -1 +28 $
