>R_scaffold_0
+38 +54 +55 -51 +26 +45 $
>R_scaffold_1
+30 +35 +57 $
>R_scaffold_2
+53 +14 -10 +63 +18 +56 -36 +19 +39 +25 $
>R_scaffold_3
+7 +62 +67 $
>R_scaffold_4
+52 $
>R_scaffold_5
-23 +12 -33 +22 +46 $
>R_scaffold_6
+15 +32 -11 +60 $
>R_scaffold_7
+70 $
>R_scaffold_8
+13 -3 +2 -24 +43 $
>R_scaffold_9
-28 +17 $
>R_scaffold_10
+34 -31 +42 +49 +5 -2 +3 $
>R_scaffold_11
-48 +9 $
>R_scaffold_12
-20 $
>R_scaffold_13
+50 $
>R_scaffold_14
-16 +37 $
>R_scaffold_15
+29 +61 $
>R_scaffold_16
+44 $
>R_scaffold_17
-27 +68 -58 $
>R_scaffold_18
-8 +21 $
>R_scaffold_19
+64 $
>R_scaffold_20
+71 $
>R_scaffold_21
+65 $
>R_scaffold_24
+1 $
>NC_009997.1
-68 +27 +1 +71 -9 +48 +1 +65 +64 +1 -21 +8 -37 +16 +1 -46 +69 +47 +69 -47 -22 +33 +23 +1 -60 +11 -26 +51 -15 +1 +29 +4 +61 +52 -43 +24 +4 -25 -19 +36 +5 -2 +3 +5 +4 -2 +3 -39 -56 -63 +10 -12 -14 +41 -53 +30 +6 +6 +6 +6 +35 +18 +57 -42 +31 -4 -34 -1 +7 -49 +62 -41 +67 +38 +40 -3 +2 +54 +40 +13 -3 +2 -5 +55 +32 +45 +70 -1 +20 +50 -1 -17 +28 +44 -1 +58 $
>NC_009998.1
+59 +66 $
>NC_009999.1
+66 +59 $
