>R_scaffold_7
-58 +31 +29 +72 $
>R_scaffold_13
-3 $
>R_scaffold_17
+54 -20 +15 $
>R_scaffold_8
-9 +32 $
>R_scaffold_4
-37 -60 +4 +74 +47 $
>R_scaffold_2
+64 +17 +19 -66 +55 -21 $
>R_scaffold_6
+11 +70 $
>R_scaffold_3
-73 $
>R_scaffold_27
+24 $
>R_scaffold_25
+52 $
>R_scaffold_1
-7 -44 -14 +69 +23 -50 -13 -28 +49 $
>R_scaffold_14
+67 $
>R_scaffold_23
+10 $
>R_scaffold_5
-30 +34 $
>R_scaffold_10
-38 +42 $
>R_scaffold_20
-33 $
>R_scaffold_0
-40 +71 -12 +57 +76 +45 +43 +63 +59 +68 +56 +51 -61 +65 $
>R_scaffold_18
-18 $
>R_scaffold_12
-16 +5 $
>R_scaffold_9
-26 +62 -22 $
>R_scaffold_21
+25 $
>R_scaffold_26
-8 $
>R_scaffold_11
+46 +48 +53 +41 $
>R_scaffold_15
+27 $
>R_scaffold_28
+31 $
>R_scaffold_30
+1 $
>NZ_CP046329.1
+37 +1 +2 -32 +9 +1 -15 +20 +3 +75 +6 +36 +36 -39 +3 +75 +53 -29 +58 +1 -27 -1 -41 -48 +8 -25 -1 +22 -43 -62 +26 +72 -2 -1 -54 -5 +16 +64 +74 +19 +18 -65 +69 +61 -59 -56 +35 -68 -63 -45 +70 -57 +12 +40 +33 -42 +38 -2 -1 -34 +30 -10 -67 +13 +28 +50 +39 +6 +49 -23 +14 +71 -52 +44 -24 +7 +73 +76 -11 +1 +21 +35 +51 -55 +66 -47 +46 -17 -4 +60 $
