>R_scaffold_7
-56 +75 -28 -35 +11 $
>R_scaffold_13
+31 $
>R_scaffold_17
-37 +49 $
>R_scaffold_8
+40 $
>R_scaffold_4
-22 +42 +30 -48 +38 $
>R_scaffold_2
+60 +50 -70 +24 +57 -72 +29 $
>R_scaffold_6
+10 +69 $
>R_scaffold_3
+33 +25 $
>R_scaffold_27
+73 $
>R_scaffold_25
+51 $
>R_scaffold_1
-9 -47 -54 +68 -7 -8 -14 -17 +55 $
>R_scaffold_14
+67 $
>R_scaffold_23
-18 $
>R_scaffold_5
-74 +46 $
>R_scaffold_10
-53 +27 $
>R_scaffold_20
-20 $
>R_scaffold_0
-39 +71 +36 +76 -59 +34 +45 +43 +61 -64 +6 +19 -63 +23 $
>R_scaffold_18
-26 $
>R_scaffold_12
-5 +41 $
>R_scaffold_9
+66 +65 +13 $
>R_scaffold_21
-16 $
>R_scaffold_26
-12 $
>R_scaffold_11
+44 +21 +15 +62 $
>R_scaffold_15
+52 +58 $
>R_scaffold_28
+75 $
>R_scaffold_30
+1 $
>NC_008750.1
+58 -1 -62 -21 +12 +16 -1 +40 +2 -1 +37 -3 -3 -41 +3 +5 +60 +30 +24 +26 -23 +68 +63 -61 -6 -32 +64 -43 -34 +59 +69 -36 +39 +20 -27 +53 +2 -1 -46 +74 +18 -67 +32 +14 +17 +8 +55 +7 +54 +71 -51 +47 -73 +9 -25 -4 -33 +65 +76 -10 +1 -29 +72 +19 -4 -57 -38 +44 +48 +70 +4 -50 -42 +22 +1 -2 -11 +35 +66 +45 +13 +1 -49 -31 +15 +28 +56 +1 +52 $
