>R_scaffold_13
+36 -28 +9 $
>R_scaffold_9
-45 +64 -6 -15 $
>R_scaffold_10
+61 $
>R_scaffold_3
-78 +18 +34 $
>R_scaffold_4
+73 -40 -79 +7 $
>R_scaffold_18
+30 $
>R_scaffold_2
+46 +67 -11 -10 +56 $
>R_scaffold_8
-23 +65 +80 $
>R_scaffold_11
+58 -74 +21 +80 $
>R_scaffold_1
-16 +70 +71 +29 -20 $
>R_scaffold_7
-49 +3 -5 +48 -60 +72 $
>R_scaffold_5
-19 -57 $
>R_scaffold_16
-22 +31 +32 $
>R_scaffold_12
-27 +82 $
>R_scaffold_14
+13 $
>R_scaffold_0
+14 -37 +42 +81 +66 -75 -12 +63 +54 -43 +68 -17 +25 +52 -53 +38 $
>R_scaffold_6
+77 +69 -59 +33 $
>R_scaffold_17
+55 -26 $
>R_scaffold_15
+24 +50 +35 $
>R_scaffold_22
-76 $
>R_scaffold_24
+44 $
>R_scaffold_19
+62 -41 +39 $
>R_scaffold_20
+51 +47 +8 $
>R_scaffold_29
+1 $
>NC_008750.1
+8 -1 -39 +41 +64 -44 +76 -1 +61 -1 +15 +4 +4 +26 -4 -55 -33 +59 +18 -38 +53 +73 -25 +17 +29 -68 +43 +75 -63 -3 +12 -66 -42 +37 +67 -14 +27 +13 -31 +22 -1 +21 +19 +3 -48 +60 +5 +72 +49 +20 -71 +82 +74 -70 -58 +16 +32 -65 +23 -56 +10 +2 +11 +50 -46 -30 +1 -7 +79 +54 +40 +2 +52 -34 +77 -2 +69 +78 +1 -9 +28 +24 +81 +35 +1 +6 +45 +62 -36 +1 +51 +57 +47 $
