>Q_Shewanella_putrefaciens_Pdp11
+3 +10 -1 -23 +43 -1 -45 +13 -34 -51 +58 -1 +24 -1 -8 +48 +1 +44 +12 +1 -35 +11 +1 -41 +20 +27 -15 +9 -14 +1 -50 +31 +49 +1 +22 -16 +28 +36 +42 -32 +18 +30 -4 +7 -6 +5 +9 +59 +59 -57 +29 -39 +52 +55 -1 +47 +15 +60 +32 +56 -17 +40 +53 -54 +19 -46 +21 -37 +26 +3 $
>NC_009052.1
+8 +1 +44 +45 +1 -43 +23 +1 -10 -3 -26 -21 +46 +37 -19 +54 +49 +1 +22 -40 +17 +36 +38 +42 +18 -52 +39 +2 -29 +57 -2 -2 +33 -5 +6 +25 -7 +4 -30 +55 -1 +47 +60 +56 -28 +16 +53 -31 +50 -1 +14 -27 +38 -20 +41 -1 -11 +35 -1 -12 +13 +58 -1 +24 -1 -48 $
>NC_009035.1
-5 +6 +25 -7 +4 $
>NC_009036.1
-2 $
>NC_009037.1
+34 +51 $
>NC_009038.1
+33 $
