>R_scaffold_5
-41 +34 $
>R_scaffold_7
+5 +39 $
>R_scaffold_2
+24 -20 +22 $
>R_scaffold_0
+40 +12 +13 +31 +9 +7 +23 -21 +27 +37 -32 -6 $
>R_scaffold_4
+30 $
>R_scaffold_9
+29 $
>R_scaffold_14
+16 $
>R_scaffold_6
+43 $
>R_scaffold_3
+17 -15 +36 $
>R_scaffold_1
+42 -25 +18 +38 $
>R_scaffold_8
+33 -4 +26 $
>R_scaffold_15
+19 $
>R_scaffold_16
+44 $
>R_scaffold_10
-28 +35 $
>R_scaffold_12
+11 +14 $
>R_scaffold_17
+1 $
>NC_017579.1
+14 +1 -35 +34 +28 +1 +5 +4 +39 +1 -18 +24 +25 +22 +1 +40 +15 +12 +31 +23 +7 +6 -2 +37 +32 +2 +8 +8 -27 +21 +30 -9 -13 -1 +3 +29 +16 +43 +17 +36 +42 -1 +20 +3 -1 +38 +33 +26 -1 +19 +44 -1 +41 -1 +11 $
>NC_017577.1
-3 $
>NC_017580.1
+10 +2 $
>NC_017578.1
+2 -10 $
