>R_scaffold_13
+42 -38 +10 $
>R_scaffold_9
-48 +69 +12 +61 $
>R_scaffold_10
+55 $
>R_scaffold_3
+36 -60 +41 +30 $
>R_scaffold_4
-8 +6 +28 +43 $
>R_scaffold_18
+9 $
>R_scaffold_2
+44 +22 +13 $
>R_scaffold_8
+40 +15 +51 $
>R_scaffold_11
+35 +70 +49 +51 $
>R_scaffold_1
+24 +68 +73 +17 +63 -31 +7 +64 $
>R_scaffold_7
+45 +2 +52 +54 +58 +5 $
>R_scaffold_5
+19 +47 $
>R_scaffold_16
+3 $
>R_scaffold_12
+71 +62 $
>R_scaffold_14
-11 $
>R_scaffold_0
+37 +26 +20 +67 +72 +46 +66 +53 +34 +18 +50 -16 +14 $
>R_scaffold_6
-4 +59 $
>R_scaffold_17
+57 $
>R_scaffold_15
+33 +29 +32 $
>R_scaffold_22
+21 $
>R_scaffold_24
+23 $
>R_scaffold_19
+27 +25 $
>R_scaffold_20
+65 +56 +39 $
>R_scaffold_29
+1 $
>NZ_CP066370.1
+39 -1 -25 +69 -23 -21 -1 +55 -1 +36 +4 +63 +30 +16 +28 -34 +43 -1 +9 +44 -29 +13 +15 +24 +35 +68 +70 -62 +73 +7 +17 +64 +45 -5 +52 +58 +54 -2 +19 -49 +1 +3 +11 +71 +37 -22 +26 +40 +20 +72 +66 +2 +53 +46 +18 +31 +50 -6 +8 +14 -41 +60 +59 +57 +33 +67 +32 +1 -10 +38 +61 +1 -12 +48 +27 -42 +1 +65 -47 +56 $
