>R_scaffold_13
+62 +6 -11 $
>R_scaffold_8
+29 +37 +57 $
>R_scaffold_10
+59 $
>R_scaffold_3
+40 +42 +33 $
>R_scaffold_11
+32 +31 $
>R_scaffold_9
+16 $
>R_scaffold_17
+9 $
>R_scaffold_2
+25 +36 +12 $
>R_scaffold_7
+2 +13 +15 +55 $
>R_scaffold_12
+46 +67 -47 +15 $
>R_scaffold_1
+23 +3 +49 +8 +64 $
>R_scaffold_6
+50 +14 +17 +53 +34 $
>R_scaffold_4
+48 +22 $
>R_scaffold_21
+38 $
>R_scaffold_14
+10 $
>R_scaffold_23
+39 $
>R_scaffold_20
-51 $
>R_scaffold_0
+20 +28 +69 +61 +44 +68 +18 +43 +66 +41 +54 +60 $
>R_scaffold_26
+55 $
>R_scaffold_5
-7 +52 $
>R_scaffold_16
+45 $
>R_scaffold_15
+56 +27 $
>R_scaffold_27
+24 $
>R_scaffold_29
+65 $
>R_scaffold_18
+21 +26 $
>R_scaffold_19
+19 +4 +63 $
>R_scaffold_34
+1 $
>NC_009438.1
+63 -1 +62 -21 +29 +6 +35 +5 +30 +30 +58 +35 -1 +59 -1 +40 +7 +33 -54 +31 -43 +2 +16 -1 +9 +25 +12 +13 +23 +46 +3 +67 +51 +49 +64 +50 -34 +58 -5 +14 +53 +17 +48 +47 +1 +38 +10 +39 +20 -36 +28 +61 +68 +2 +18 +44 +66 -8 +41 -32 +60 -42 +52 +45 +57 +1 +11 +56 +69 +27 +1 +24 +65 -37 +26 +1 +19 -22 +4 $
