>R_scaffold_5
+18 -23 +15 $
>R_scaffold_7
+50 $
>R_scaffold_2
+40 +19 +52 -12 +48 +26 $
>R_scaffold_0
+46 +42 -24 -6 +39 +20 +29 +9 -10 +28 $
>R_scaffold_4
+49 $
>R_scaffold_9
+8 $
>R_scaffold_6
+36 $
>R_scaffold_3
+13 -16 +43 +32 $
>R_scaffold_1
+47 -14 +22 +5 +44 +38 $
>R_scaffold_8
+45 +11 +27 $
>R_scaffold_15
+21 $
>R_scaffold_16
-37 $
>R_scaffold_10
-34 +41 +17 $
>R_scaffold_12
+31 +51 $
>R_scaffold_17
-1 $
>NC_009997.1
+51 -1 +18 -1 +37 -21 -1 +50 -1 +40 +7 -25 +7 +25 +52 -1 -22 +14 +26 -1 +46 +16 +42 +20 +39 +4 +2 +4 +2 +29 +35 +9 +3 +3 +3 +3 +28 +10 +49 +24 +1 +8 -35 +6 +36 +13 +43 +30 -2 +32 +11 +30 -2 -4 +47 -48 +12 +5 -19 +44 +1 +38 +45 +27 +1 +41 -15 +23 +34 +17 +1 +31 $
>NC_009998.1
+53 +33 $
>NC_009999.1
+33 +53 $
