>R_scaffold_5
-23 $
>R_scaffold_7
-26 +31 -3 $
>R_scaffold_11
+43 $
>R_scaffold_2
+27 -36 +14 -28 +10 +48 $
>R_scaffold_0
+33 +9 +25 -11 -16 +40 +8 +4 +34 +35 +42 $
>R_scaffold_4
+50 $
>R_scaffold_9
+29 $
>R_scaffold_14
+52 $
>R_scaffold_6
+37 $
>R_scaffold_3
+51 +15 +39 +41 $
>R_scaffold_1
-17 +13 +49 +44 +20 $
>R_scaffold_13
+2 $
>R_scaffold_8
-30 +21 +18 +47 -6 $
>R_scaffold_15
+24 $
>R_scaffold_16
+46 $
>R_scaffold_10
-32 +38 $
>R_scaffold_12
-19 +7 $
>R_scaffold_17
+1 $
>NZ_CP015194.1
+12 +44 -1 +3 +21 -31 +26 -1 +24 +46 -1 +23 -1 -7 +19 +1 -38 +32 +2 +1 +6 -18 +30 -20 +1 +43 +27 +45 +14 +1 -13 +17 +48 +1 +33 -15 +9 -5 +25 +4 +8 +34 +45 +22 +22 +42 -35 +50 +11 -1 +29 +52 -40 +16 +5 +37 +51 +39 +47 +41 -10 +28 +49 +36 +12 $
