>R_scaffold_0
-46 +19 -23 +27 +51 +60 +42 -76 +34 +59 +75 +71 -9 +48 -38 +33 +20 -3 +16 $
>R_scaffold_1
+15 -2 +17 +66 -31 +64 +14 +18 +77 $
>R_scaffold_2
+37 +79 -44 +8 +63 +62 +61 +53 $
>R_scaffold_3
+13 +73 $
>R_scaffold_4
-21 +68 +39 -67 +7 $
>R_scaffold_5
+74 +35 +57 $
>R_scaffold_6
+72 +58 +5 $
>R_scaffold_7
+41 -70 +40 $
>R_scaffold_8
-50 +65 +55 $
>R_scaffold_9
+54 -32 +29 -10 $
>R_scaffold_10
+28 -11 +78 +50 $
>R_scaffold_11
+4 -22 $
>R_scaffold_12
+47 $
>R_scaffold_13
+25 +24 +26 $
>R_scaffold_14
+12 $
>R_scaffold_15
-36 +43 $
>R_scaffold_16
-30 +52 $
>R_scaffold_17
+6 +69 $
>R_scaffold_18
+49 $
>R_scaffold_19
-56 $
>R_scaffold_21
-45 $
>R_scaffold_24
-1 $
>NZ_CP028435.1
-18 -2 -66 -64 +31 -17 +14 -15 +37 +63 +79 +62 +73 +11 +61 -28 +53 +65 -7 +67 +24 -68 +21 -43 +36 +1 +72 +71 +58 +20 +74 +8 +41 +57 +1 +12 +49 +1 +56 +45 +32 +52 +1 +6 +77 +69 -1 +22 +30 +54 +29 -1 +10 -4 -1 -26 -60 -25 +47 -40 +70 -35 -16 +3 -5 -33 +38 +44 -48 +9 -34 +76 -75 +2 -59 -42 -51 +55 -27 +23 +39 -19 +46 -13 -1 +78 $
