>R_scaffold_5
+5 -14 $
>R_scaffold_7
+34 +25 $
>R_scaffold_2
+19 -38 +16 +13 -4 +44 +15 $
>R_scaffold_0
+12 +42 -28 +39 +35 +27 +17 -21 -29 +6 +32 -41 $
>R_scaffold_4
-20 $
>R_scaffold_9
+2 $
>R_scaffold_14
-24 $
>R_scaffold_3
+33 +23 +3 +40 $
>R_scaffold_1
+45 -22 +18 +30 +11 +37 $
>R_scaffold_8
+26 +31 +7 $
>R_scaffold_15
-9 $
>R_scaffold_16
-8 $
>R_scaffold_10
+36 $
>R_scaffold_12
+43 +10 $
>R_scaffold_17
-1 $
>NZ_LR134321.1
+10 -1 +5 -1 +8 +9 -1 +34 -31 +25 -1 +19 +13 -1 -18 +22 +15 -1 +12 -23 +17 +24 -2 -1 +39 +27 +20 +32 +41 -6 +21 +29 -35 +28 +33 +3 -42 +40 +45 -44 +4 +30 -16 +38 +11 +1 +37 +26 +7 +1 +36 +14 +1 +43 $
