>R_scaffold_13
-25 -4 +72 $
>R_scaffold_9
-30 +52 -39 $
>R_scaffold_10
-28 +8 $
>R_scaffold_3
+60 +65 +73 -42 $
>R_scaffold_4
+50 +49 -69 +10 $
>R_scaffold_18
+19 $
>R_scaffold_2
+29 +13 -51 +3 $
>R_scaffold_8
-2 +23 +26 $
>R_scaffold_11
+66 -43 +78 +26 $
>R_scaffold_1
-59 +32 +7 -56 +18 -12 +41 $
>R_scaffold_7
-5 -57 +40 -24 +55 $
>R_scaffold_5
+62 +36 $
>R_scaffold_16
+53 $
>R_scaffold_12
-58 +71 $
>R_scaffold_14
+34 $
>R_scaffold_0
-37 +38 -22 +77 -63 -27 -64 -11 +76 +74 -44 +45 -67 +70 -61 +68 $
>R_scaffold_6
+75 -14 $
>R_scaffold_17
-54 +15 $
>R_scaffold_15
-31 -6 $
>R_scaffold_22
-17 $
>R_scaffold_24
-16 $
>R_scaffold_19
+33 +47 $
>R_scaffold_20
+21 +9 $
>R_scaffold_29
-1 $
>NZ_CP046329.1
-60 -1 -8 +28 -1 +46 +35 +48 +48 -20 +46 +4 +30 +33 +25 -1 -9 +36 -21 +1 -47 +52 +16 +17 +1 +6 -77 +31 +72 +1 +39 -15 +54 +14 +73 -68 +61 +50 +67 +18 -45 +44 +27 -76 +11 +2 +64 +63 +22 +13 -38 +37 +58 +34 -53 +1 +78 -62 -40 +24 +57 +20 +35 +55 +5 -41 +12 +56 +71 +43 -7 -66 -32 +59 -23 -3 +51 -29 -19 -1 -10 +69 +2 +74 -49 +70 +42 +75 -65 $
