>R_scaffold_7
+53 +34 +45 $
>R_scaffold_13
+60 $
>R_scaffold_17
-19 +17 +7 $
>R_scaffold_8
+73 $
>R_scaffold_4
+55 -38 +66 +44 $
>R_scaffold_19
+75 $
>R_scaffold_2
+33 +68 +42 +76 +65 $
>R_scaffold_6
+41 -31 +25 $
>R_scaffold_3
+39 $
>R_scaffold_27
+46 $
>R_scaffold_25
+72 $
>R_scaffold_1
+48 +63 +58 +22 +23 +51 +28 -64 -37 -61 +10 $
>R_scaffold_14
+50 $
>R_scaffold_23
-30 $
>R_scaffold_5
+21 $
>R_scaffold_10
+11 $
>R_scaffold_20
+9 $
>R_scaffold_0
+69 -70 +13 +56 -29 +24 +57 +26 +71 +47 +6 +54 +49 $
>R_scaffold_18
+36 $
>R_scaffold_16
+12 $
>R_scaffold_12
+16 $
>R_scaffold_9
+74 +20 +59 $
>R_scaffold_21
-35 $
>R_scaffold_26
+27 $
>R_scaffold_11
-8 +32 +14 -18 $
>R_scaffold_15
+62 +5 $
>R_scaffold_28
+53 $
>R_scaffold_30
+1 $
>NC_017566.1
+5 -1 +18 -32 -27 +35 -1 +73 -3 -1 -17 +19 +45 -3 -1 +55 +68 +66 +23 +8 +44 -4 +12 -40 +75 +76 -6 +65 -1 +41 +29 -20 +39 +2 +48 +46 +63 +72 -13 +70 +58 +30 -50 +37 +61 +64 +43 +43 +10 -28 -22 +21 +1 +11 +9 +69 +67 +67 +56 -25 +31 +24 +26 +47 +71 +54 -51 +49 +36 -42 +38 -33 +16 +74 +57 +52 -4 +4 +40 +52 +59 +1 -7 +2 -60 +14 -2 -34 +15 -15 +1 +2 +62 $
