>R_scaffold_12
+56 $
>R_scaffold_8
+35 -44 +14 $
>R_scaffold_20
-28 +73 $
>R_scaffold_9
+48 $
>R_scaffold_21
+62 -10 $
>R_scaffold_24
-33 +46 $
>R_scaffold_5
+67 $
>R_scaffold_17
-25 +53 $
>R_scaffold_27
-61 $
>R_scaffold_1
-6 +20 $
>R_scaffold_23
-18 +5 $
>R_scaffold_13
-36 +66 -42 +52 $
>R_scaffold_10
+26 -55 +39 +34 $
>R_scaffold_16
-3 +24 $
>R_scaffold_3
-22 +68 +63 +37 +23 -41 +60 +45 +8 $
>R_scaffold_19
+72 $
>R_scaffold_15
-21 +15 $
>R_scaffold_2
-40 +13 $
>R_scaffold_6
-19 +11 -43 +30 +58 -9 $
>R_scaffold_14
+71 +69 -29 $
>R_scaffold_7
+12 +47 +64 +7 $
>R_scaffold_0
-65 +4 +17 -38 +31 +70 $
>R_scaffold_11
+59 -50 +16 $
>R_scaffold_25
+49 $
>R_scaffold_26
-27 $
>R_scaffold_4
+32 +54 $
>R_scaffold_18
+57 +51 $
>R_scaffold_29
+1 $
>NC_008322.1
+51 +1 +56 +1 +27 -49 +1 +35 -16 +50 +73 +1 +1 +48 +62 -31 +38 +67 -4 +65 +29 -2 -69 -30 +43 +2 -11 +19 -13 +40 -15 +21 +1 +9 +66 -60 +41 +52 -23 -47 +22 +26 -72 +34 -39 -24 +3 +63 +12 +68 +64 +55 +37 +7 +45 +42 +8 +36 -5 +18 -20 +6 +61 +71 +58 -1 -53 +25 +17 -46 +33 +10 +70 +59 +28 -14 +44 -1 +32 +2 +54 -1 +57 $
