>R_scaffold_5
+10 -16 +26 $
>R_scaffold_7
+44 $
>R_scaffold_2
+32 +3 +36 -46 +8 $
>R_scaffold_0
+5 +24 -13 +4 +28 +18 +38 -33 +6 $
>R_scaffold_4
+43 $
>R_scaffold_9
+22 $
>R_scaffold_6
+45 $
>R_scaffold_3
+25 +9 +11 +42 $
>R_scaffold_1
+40 +12 +21 +14 +37 $
>R_scaffold_8
+15 +20 +7 $
>R_scaffold_15
+17 $
>R_scaffold_16
-34 $
>R_scaffold_10
+27 +31 +23 $
>R_scaffold_12
+41 +35 $
>R_scaffold_17
-1 $
>NC_016901.1
+35 -1 +10 -1 +34 -17 -1 +44 -1 +32 +19 -29 +19 +29 +36 -1 -12 +8 -1 +5 -9 +24 +18 +28 -30 -2 +38 +6 +33 +43 +13 +1 +22 -4 +45 +25 +11 +39 +2 +42 +20 +39 +2 +30 +40 +46 +21 -3 +14 +1 +37 +15 +7 +1 +31 -26 +16 -27 +23 +1 +41 $
