>Q_Shewanella_putrefaciens_Pdp11
+2 +48 +1 -17 +14 +1 +41 +1 +10 -12 +35 +1 -31 +49 +44 -1 -29 +36 +23 -5 +38 -1 -9 +6 -20 -1 +45 +7 +34 +19 -1 +30 +40 -1 -8 +50 -26 +21 -47 -27 +16 +46 +34 +28 +28 -15 -22 +18 +1 -25 +32 +47 -24 +33 +37 +13 +52 +2 $
>NC_011663.1
-49 +31 -1 -35 +12 +38 -1 -14 +17 -1 -1 +45 +43 +4 -39 +43 +39 +7 +19 -1 +30 -13 +50 -33 +24 -32 +25 -1 -18 +22 +23 +15 -46 +42 -16 +27 -21 +26 +37 +8 +1 -40 +52 +2 +48 +20 +4 -6 +9 +1 +41 +1 +10 +5 -36 +29 +1 -44 $
>NC_011664.1
+11 +42 +51 +3 $
>NC_011668.1
-3 +11 $
>NC_011665.1
+51 +3 $
