>R_scaffold_7
+75 +56 +73 $
>R_scaffold_13
+74 $
>R_scaffold_17
-24 +49 $
>R_scaffold_8
-12 +4 $
>R_scaffold_4
+8 +42 -13 +17 $
>R_scaffold_2
+39 +36 +32 +25 +44 $
>R_scaffold_6
-45 +50 $
>R_scaffold_3
-29 $
>R_scaffold_27
+43 $
>R_scaffold_25
-22 $
>R_scaffold_1
-26 -58 -31 +69 -27 -61 -40 -19 +33 +60 $
>R_scaffold_14
+64 $
>R_scaffold_23
+48 $
>R_scaffold_5
-9 +62 $
>R_scaffold_10
-11 +37 $
>R_scaffold_20
+23 $
>R_scaffold_0
+68 +72 -14 +55 +67 -10 +59 -35 -41 +70 -38 -65 +15 -5 +20 -47 $
>R_scaffold_18
+28 $
>R_scaffold_16
+66 $
>R_scaffold_12
-34 +6 $
>R_scaffold_9
-46 +52 +71 -16 +53 $
>R_scaffold_21
+30 $
>R_scaffold_26
+57 $
>R_scaffold_11
+18 +54 -7 +3 $
>R_scaffold_15
-63 +21 $
>R_scaffold_28
+75 $
>R_scaffold_30
+1 $
>NZ_CP028435.1
+9 -48 -64 -51 +40 -33 +19 +61 +60 +27 +31 +72 +22 +58 -43 +26 +29 +71 +67 +45 +1 -44 +15 -25 -66 -17 +18 +13 -36 -8 +1 +2 -4 +12 +1 +30 +57 +54 +3 +1 -21 +63 -1 +56 +7 +74 +49 -1 +24 +73 -2 -1 -53 +16 -59 -52 +46 -6 +34 +39 +42 +32 -28 +47 +69 -20 +5 -70 +41 +65 +51 +38 +35 +10 +50 -55 +14 -68 -23 -37 +11 -2 -1 -62 $
