SH9_1492R	FR853657.1	99.463	1118	3	3	1	1115	1460	343	0.0	2028	1508	1115
SH9_1492R	JX262580.1	99.463	1118	3	3	1	1115	1461	344	0.0	2028	1507	1115
SH9_1492R	CP000503.1	99.463	1118	3	3	1	1115	40195	39078	0.0	2028	4708380	1115
SH9_1492R	MH304320.1	99.544	1096	2	3	23	1115	1356	261	0.0	1993	1356	1115
SH9_1492R	JX860525.1	99.548	1105	2	3	14	1115	1448	344	0.0	2010	1448	1115
SH9_1492R	HF536502.1	99.553	1118	2	3	1	1115	1413	296	0.0	2034	1441	1115
SH9_1492R	MK125023.1	99.553	1118	2	3	1	1115	1417	300	0.0	2034	1418	1115
SH9_1492R	MH304329.1	99.553	1118	2	3	1	1115	1436	319	0.0	2034	1485	1115
SH9_1492R	FR853519.1	99.553	1118	2	3	1	1115	1460	343	0.0	2034	1508	1115
SH9_1492R	FR853556.1	99.553	1118	2	3	1	1115	1462	345	0.0	2034	1510	1115
SH9_1492R	FR853653.1	99.553	1118	2	3	1	1115	1463	346	0.0	2034	1511	1115
SH9_1492R	KM357913.1	99.553	1118	2	3	1	1115	1463	346	0.0	2034	1538	1115
SH9_1492R	CP023019.1	99.553	1118	2	3	1	1115	1470669	1471786	0.0	2034	5266746	1115
SH9_1492R	CP023019.1	99.553	1118	2	3	1	1115	1762651	1763768	0.0	2034	5266746	1115
SH9_1492R	CP023019.1	99.553	1118	2	3	1	1115	1857145	1856028	0.0	2034	5266746	1115
SH9_1492R	CP023019.1	99.553	1118	2	3	1	1115	2156634	2155517	0.0	2034	5266746	1115
SH9_1492R	CP023019.1	99.553	1118	2	3	1	1115	2208347	2207230	0.0	2034	5266746	1115
SH9_1492R	CP023019.1	99.553	1118	2	3	1	1115	2409634	2408517	0.0	2034	5266746	1115
SH9_1492R	CP023019.1	99.553	1118	2	3	1	1115	2803822	2802705	0.0	2034	5266746	1115
SH9_1492R	CP023019.1	99.553	1118	2	3	1	1115	565056	566173	0.0	2034	5266746	1115
