SdM1_1492R	CP028355.1	99.871	773	1	0	1	773	1828297	1829069	0.0	1423	4944783	773
SdM1_1492R	CP015194.1	99.871	773	1	0	1	773	1846121	1845349	0.0	1423	4973697	773
SdM1_1492R	CP000444.1	99.871	773	1	0	1	773	1863675	1862903	0.0	1423	4792610	773
SdM1_1492R	CP028355.1	99.871	773	1	0	1	773	1947783	1947011	0.0	1423	4944783	773
SdM1_1492R	CP028730.1	99.871	773	1	0	1	773	225951	225179	0.0	1423	4896215	773
SdM1_1492R	CP002767.1	99.871	773	1	0	1	773	260492	259720	0.0	1423	5066051	773
SdM1_1492R	CP000753.1	99.871	773	1	0	1	773	271546	270774	0.0	1423	5229686	773
SdM1_1492R	CP002383.1	99.871	773	1	0	1	773	3212954	3213726	0.0	1423	5288069	773
SdM1_1492R	CP015194.1	99.871	773	1	0	1	773	324950	325722	0.0	1423	4973697	773
SdM1_1492R	CP000891.1	99.871	773	1	0	1	773	3263488	3264260	0.0	1423	5347283	773
SdM1_1492R	CP028355.1	99.871	773	1	0	1	773	3789482	3788710	0.0	1423	4944783	773
SdM1_1492R	CP028730.1	99.871	773	1	0	1	773	4310703	4311475	0.0	1423	4896215	773
SdM1_1492R	LR134321.1	99.871	773	1	0	1	773	467555	466783	0.0	1423	4999751	773
SdM1_1492R	CP000753.1	99.871	773	1	0	1	773	4888494	4889266	0.0	1423	5229686	773
SdM1_1492R	CP000891.1	99.871	773	1	0	1	773	4989145	4989917	0.0	1423	5347283	773
SdM1_1492R	CP000891.1	99.871	773	1	0	1	773	5318397	5319169	0.0	1423	5347283	773
SdM1_1492R	MF151938.1	99.871	773	1	0	1	773	933	161	0.0	1423	951	773
SdM1_1492R	MF152091.1	99.871	773	1	0	1	773	935	163	0.0	1423	950	773
SdM1_1492R	CP000753.1	99.871	773	1	0	1	773	961639	960867	0.0	1423	5229686	773
SdM1_1492R	MF152040.1	99.871	773	1	0	1	773	998	226	0.0	1423	1017	773
