SH4_1492R	KJ719015.1	99.727	1099	1	2	52	1148	1310	212	0.0	2012	1310	1148
SH4_1492R	KC607511.1	99.732	1118	1	2	33	1148	1374	257	0.0	2047	1374	1148
SH4_1492R	FM877977.1	99.735	1133	1	2	18	1148	1358	226	0.0	2074	1358	1148
SH4_1492R	KX980453.1	99.739	1150	1	2	1	1148	1365	216	0.0	2106	1371	1148
SH4_1492R	KU982963.1	99.739	1150	1	2	1	1148	1413	264	0.0	2106	1415	1148
SH4_1492R	FJ159436.1	99.739	1150	1	2	1	1148	1414	265	0.0	2106	1415	1148
SH4_1492R	MN005116.1	99.739	1150	1	2	1	1148	1414	265	0.0	2106	1417	1148
SH4_1492R	HQ418493.1	99.739	1150	1	2	1	1148	1430	281	0.0	2106	1445	1148
SH4_1492R	DQ307732.1	99.739	1150	1	2	1	1148	1438	289	0.0	2106	1454	1148
SH4_1492R	DQ307734.1	99.739	1150	1	2	1	1148	1438	289	0.0	2106	1454	1148
SH4_1492R	HM779405.1	99.739	1150	1	2	1	1148	1438	289	0.0	2106	1468	1148
SH4_1492R	KY928091.1	99.739	1150	1	2	1	1148	1442	293	0.0	2106	1508	1148
SH4_1492R	JX105691.1	99.739	1150	1	2	1	1148	1458	309	0.0	2106	1500	1148
SH4_1492R	JX828428.1	99.739	1150	1	2	1	1148	1458	309	0.0	2106	1506	1148
SH4_1492R	MG428824.1	99.739	1150	1	2	1	1148	1458	309	0.0	2106	1507	1148
SH4_1492R	MG428831.1	99.739	1150	1	2	1	1148	1458	309	0.0	2106	1507	1148
SH4_1492R	MG428836.1	99.739	1150	1	2	1	1148	1458	309	0.0	2106	1507	1148
SH4_1492R	MG428945.1	99.739	1150	1	2	1	1148	1458	309	0.0	2106	1507	1148
SH4_1492R	CP022089.2	99.739	1150	1	2	1	1148	3838926	3837777	0.0	2106	5031863	1148
SH4_1492R	CP022089.2	99.739	1150	1	2	1	1148	4746395	4745246	0.0	2106	5031863	1148
