Pdp11_1492R	JX997900.1	99.685	952	3	0	1	952	1397	446	0.0	1742	1442	952
Pdp11_1492R	MH304331.1	99.685	952	3	0	1	952	1400	449	0.0	1742	1449	952
Pdp11_1492R	EU719603.1	99.685	952	3	0	1	952	1418	467	0.0	1742	1498	952
Pdp11_1492R	MW032670.1	99.789	946	2	0	7	952	1333	388	0.0	1736	1333	952
Pdp11_1492R	HM489959.1	99.790	952	2	0	1	952	1066	115	0.0	1748	1113	952
Pdp11_1492R	MT516276.1	99.790	952	2	0	1	952	1345	394	0.0	1748	1375	952
Pdp11_1492R	KX271693.1	99.790	952	2	0	1	952	1348	397	0.0	1748	1381	952
Pdp11_1492R	KX271685.1	99.790	952	2	0	1	952	1348	397	0.0	1748	1385	952
Pdp11_1492R	KX271672.1	99.790	952	2	0	1	952	1375	424	0.0	1748	1411	952
Pdp11_1492R	KX271692.1	99.790	952	2	0	1	952	1377	426	0.0	1748	1417	952
Pdp11_1492R	MT516228.1	99.790	952	2	0	1	952	1378	427	0.0	1748	1396	952
Pdp11_1492R	MT516250.1	99.790	952	2	0	1	952	1378	427	0.0	1748	1399	952
Pdp11_1492R	MG263497.1	99.790	952	2	0	1	952	1378	427	0.0	1748	1409	952
Pdp11_1492R	MT516284.1	99.790	952	2	0	1	952	1378	427	0.0	1748	1413	952
Pdp11_1492R	KX271684.1	99.790	952	2	0	1	952	1380	429	0.0	1748	1415	952
Pdp11_1492R	AB205578.1	99.790	952	2	0	1	952	1385	434	0.0	1748	1420	952
Pdp11_1492R	AB205580.1	99.790	952	2	0	1	952	1388	437	0.0	1748	1423	952
Pdp11_1492R	GQ327990.1	99.790	952	2	0	1	952	1393	442	0.0	1748	1468	952
Pdp11_1492R	AJ000216.1	99.790	952	2	0	1	952	1420	469	0.0	1748	1528	952
Pdp11_1492R	JQ799115.1	99.790	952	2	0	1	952	1430	479	0.0	1748	1507	952
