SH16_1492R	MH304320.1	99.690	968	1	2	2	969	1356	391	0.0	1770	1356	969
SH16_1492R	KX817241.1	99.690	969	1	1	1	969	1389	423	0.0	1772	1412	969
SH16_1492R	KX822698.1	99.690	969	1	1	1	969	1389	423	0.0	1772	1412	969
SH16_1492R	KY786336.1	99.690	969	1	1	1	969	1389	423	0.0	1772	1412	969
SH16_1492R	HF536506.1	99.690	969	1	1	1	969	1392	426	0.0	1772	1441	969
SH16_1492R	JF444776.1	99.690	969	2	1	1	969	1355	388	0.0	1772	1358	969
SH16_1492R	JF444777.1	99.691	970	1	2	1	969	1358	390	0.0	1773	1361	969
SH16_1492R	LK392346.1	99.790	953	2	0	17	969	1335	383	0.0	1749	1336	969
SH16_1492R	LK392347.1	99.790	953	2	0	17	969	1335	383	0.0	1749	1336	969
SH16_1492R	LK392348.1	99.790	953	2	0	17	969	1335	383	0.0	1749	1336	969
SH16_1492R	LK392349.1	99.790	953	2	0	17	969	1335	383	0.0	1749	1336	969
SH16_1492R	KJ726604.1	99.790	953	2	0	17	969	1354	402	0.0	1749	1358	969
SH16_1492R	KC607509.1	99.790	953	2	0	17	969	1373	421	0.0	1749	1373	969
SH16_1492R	KC607528.1	99.790	953	2	0	17	969	1373	421	0.0	1749	1374	969
SH16_1492R	KC607505.1	99.790	953	2	0	17	969	1374	422	0.0	1749	1374	969
SH16_1492R	KC607518.1	99.790	953	2	0	17	969	1374	422	0.0	1749	1374	969
SH16_1492R	KC607524.1	99.790	953	2	0	17	969	1374	422	0.0	1749	1374	969
SH16_1492R	KJ726584.1	99.790	953	2	0	17	969	1375	423	0.0	1749	1378	969
SH16_1492R	KJ726573.1	99.790	953	2	0	17	969	1382	430	0.0	1749	1385	969
SH16_1492R	FN994185.1	99.895	953	1	0	17	969	1355	403	0.0	1755	1357	969
