SH12_1492R	KU982963.1	99.904	1039	1	0	1	1039	1396	358	0.0	1914	1415	1039
SH12_1492R	FJ159436.1	99.904	1039	1	0	1	1039	1397	359	0.0	1914	1415	1039
SH12_1492R	MN005116.1	99.904	1039	1	0	1	1039	1397	359	0.0	1914	1417	1039
SH12_1492R	KC953871.1	99.904	1039	1	0	1	1039	1400	362	0.0	1914	1402	1039
SH12_1492R	HQ418493.1	99.904	1039	1	0	1	1039	1413	375	0.0	1914	1445	1039
SH12_1492R	DQ307732.1	99.904	1039	1	0	1	1039	1421	383	0.0	1914	1454	1039
SH12_1492R	DQ307734.1	99.904	1039	1	0	1	1039	1421	383	0.0	1914	1454	1039
SH12_1492R	HM779405.1	99.904	1039	1	0	1	1039	1421	383	0.0	1914	1468	1039
SH12_1492R	KY928091.1	99.904	1039	1	0	1	1039	1425	387	0.0	1914	1508	1039
SH12_1492R	JX105691.1	99.904	1039	1	0	1	1039	1441	403	0.0	1914	1500	1039
SH12_1492R	JX828428.1	99.904	1039	1	0	1	1039	1441	403	0.0	1914	1506	1039
SH12_1492R	MG428821.1	99.904	1039	1	0	1	1039	1441	403	0.0	1914	1506	1039
SH12_1492R	MG428824.1	99.904	1039	1	0	1	1039	1441	403	0.0	1914	1507	1039
SH12_1492R	MG428831.1	99.904	1039	1	0	1	1039	1441	403	0.0	1914	1507	1039
SH12_1492R	MG428836.1	99.904	1039	1	0	1	1039	1441	403	0.0	1914	1507	1039
SH12_1492R	MG428945.1	99.904	1039	1	0	1	1039	1441	403	0.0	1914	1507	1039
SH12_1492R	CP022089.2	99.904	1039	1	0	1	1039	3611220	3612258	0.0	1914	5031863	1039
SH12_1492R	CP022089.2	99.904	1039	1	0	1	1039	3685772	3684734	0.0	1914	5031863	1039
SH12_1492R	CP022089.2	99.904	1039	1	0	1	1039	3838909	3837871	0.0	1914	5031863	1039
SH12_1492R	CP022089.2	99.904	1039	1	0	1	1039	4746378	4745340	0.0	1914	5031863	1039
