SH6_1492R	MF152048.1	99.687	959	1	1	1	959	957	1	0.0	1753	979	979
SH6_1492R	KC607525.1	99.688	962	1	2	18	979	1381	422	0.0	1759	1381	979
SH6_1492R	MF152106.1	99.688	963	1	1	1	963	961	1	0.0	1760	986	979
SH6_1492R	MG190851.1	99.690	969	1	1	11	979	1376	410	0.0	1772	1376	979
SH6_1492R	MF152114.1	99.691	970	1	1	1	970	968	1	0.0	1773	994	979
SH6_1492R	KC607504.1	99.692	974	1	1	6	979	1393	422	0.0	1781	1393	979
SH6_1492R	JX860527.1	99.693	976	1	1	4	979	1449	476	0.0	1784	1449	979
SH6_1492R	JX860529.1	99.693	977	1	1	3	979	1448	474	0.0	1786	1448	979
SH6_1492R	MF152059.1	99.694	979	1	1	1	979	1027	51	0.0	1790	1054	979
SH6_1492R	KX185698.1	99.694	979	1	1	1	979	1401	425	0.0	1790	1418	979
SH6_1492R	KX271686.1	99.694	979	1	1	1	979	1413	437	0.0	1790	1423	979
SH6_1492R	EU916709.1	99.694	979	1	1	1	979	1432	456	0.0	1790	1467	979
SH6_1492R	MF152113.1	99.694	979	1	1	1	979	984	8	0.0	1790	1010	979
SH6_1492R	MF152107.1	99.694	979	1	1	1	979	997	21	0.0	1790	1022	979
SH6_1492R	LK392344.1	99.790	953	2	0	27	979	1335	383	0.0	1749	1336	979
SH6_1492R	LK392345.1	99.790	953	2	0	27	979	1335	383	0.0	1749	1336	979
SH6_1492R	JN885796.1	99.790	953	2	0	27	979	1353	401	0.0	1749	1358	979
SH6_1492R	FN994185.1	99.790	953	2	0	27	979	1355	403	0.0	1749	1357	979
SH6_1492R	KC607509.1	99.895	953	1	0	27	979	1373	421	0.0	1755	1373	979
SH6_1492R	KC607518.1	99.895	953	1	0	27	979	1374	422	0.0	1755	1374	979
