SdM2_1492R	FJ868836.1	99.464	1120	5	1	1	1119	1428	309	0.0	2034	1469	1119
SdM2_1492R	MG576030.1	99.464	1120	5	1	1	1119	1434	315	0.0	2034	1511	1119
SdM2_1492R	KU321263.1	99.464	1120	5	1	1	1119	1442	323	0.0	2034	1477	1119
SdM2_1492R	FR853468.1	99.464	1120	5	1	1	1119	1443	324	0.0	2034	1508	1119
SdM2_1492R	FR853499.1	99.464	1120	5	1	1	1119	1443	324	0.0	2034	1508	1119
SdM2_1492R	FR853547.1	99.464	1120	5	1	1	1119	1443	324	0.0	2034	1508	1119
SdM2_1492R	MH105246.1	99.464	1120	5	1	1	1119	1444	325	0.0	2034	1447	1119
SdM2_1492R	JX860529.1	99.464	1120	5	1	1	1119	1444	325	0.0	2034	1448	1119
SdM2_1492R	KC951912.1	99.464	1120	5	1	1	1119	1444	325	0.0	2034	1501	1119
SdM2_1492R	MN062070.1	99.464	1120	5	1	1	1119	1445	326	0.0	2034	1465	1119
SdM2_1492R	JX860527.1	99.464	1120	5	1	1	1119	1446	327	0.0	2034	1449	1119
SdM2_1492R	KX817288.1	99.464	1120	5	1	1	1119	1447	328	0.0	2034	1480	1119
SdM2_1492R	KY614355.1	99.464	1120	5	1	1	1119	1449	330	0.0	2034	1540	1119
SdM2_1492R	CP028435.1	99.464	1120	5	1	1	1119	2811596	2810477	0.0	2034	4384460	1119
SdM2_1492R	CP023019.1	99.464	1120	5	1	1	1119	3858612	3857493	0.0	2034	5266746	1119
SdM2_1492R	FN994185.1	99.547	1104	4	1	17	1119	1357	254	0.0	2010	1357	1119
SdM2_1492R	FN994184.1	99.549	1108	4	1	13	1119	1363	256	0.0	2017	1363	1119
SdM2_1492R	KX817241.1	99.554	1120	4	1	1	1119	1393	274	0.0	2039	1412	1119
SdM2_1492R	KX822698.1	99.554	1120	4	1	1	1119	1393	274	0.0	2039	1412	1119
SdM2_1492R	KY786336.1	99.554	1120	4	1	1	1119	1393	274	0.0	2039	1412	1119
