>R_scaffold_5
+42 +3 $
>R_scaffold_7
+35 +36 $
>R_scaffold_11
-30 $
>R_scaffold_2
+25 +50 +20 +16 +49 -4 $
>R_scaffold_0
+15 +19 +26 -5 +39 +45 +10 +28 +43 -27 +21 +9 -33 +31 $
>R_scaffold_4
-29 $
>R_scaffold_9
+22 $
>R_scaffold_6
-2 $
>R_scaffold_3
+38 +18 +7 +8 +6 $
>R_scaffold_1
-37 +48 +32 -17 +44 $
>R_scaffold_8
+23 -46 +13 $
>R_scaffold_15
-12 $
>R_scaffold_16
-11 $
>R_scaffold_10
+40 +24 $
>R_scaffold_12
+41 $
>R_scaffold_17
+1 $
>NZ_CP028355.1
+5 +38 +7 +34 +34 -19 +8 +47 +47 -1 +4 +48 -1 -16 -25 +30 -1 +44 +23 +13 -1 -20 +40 -3 +24 -1 +41 +1 +42 +1 +11 +12 +1 +35 +46 +36 +1 +17 +50 -32 +49 +37 -6 +15 +14 -18 +26 +2 +43 -22 +1 +45 +28 +29 +9 +31 +33 -14 +27 -21 -10 -39 $
