>R_scaffold_23
+60 $
>R_scaffold_13
+52 $
>R_scaffold_9
-19 +10 $
>R_scaffold_10
+18 $
>R_scaffold_3
+15 +43 +58 +11 $
>R_scaffold_4
+51 +9 +28 $
>R_scaffold_18
+20 +47 $
>R_scaffold_2
+41 $
>R_scaffold_8
+45 -2 -6 $
>R_scaffold_11
+40 -24 +21 +37 +4 -2 $
>R_scaffold_1
+22 +35 +53 +56 -8 +48 +29 +61 $
>R_scaffold_7
+23 +25 $
>R_scaffold_5
+49 +46 $
>R_scaffold_16
+7 $
>R_scaffold_12
+57 $
>R_scaffold_14
+26 -32 $
>R_scaffold_0
+27 +42 +44 -39 +16 +34 $
>R_scaffold_6
+59 $
>R_scaffold_17
+50 $
>R_scaffold_15
+38 $
>R_scaffold_22
+12 $
>R_scaffold_24
+17 $
>R_scaffold_19
+33 $
>R_scaffold_20
+13 +62 $
>R_scaffold_29
+1 $
>NC_009997.1
+62 -1 +60 +52 -1 -17 -12 -1 +18 -1 +15 +55 +36 +55 -36 +43 +11 -1 +51 -16 +39 +28 -1 +20 -3 +47 +41 +45 -3 +22 +53 +4 -2 +4 -3 -2 +35 +56 +48 +58 +29 +31 +61 +23 +5 +5 +5 +5 +25 +49 +8 +46 -21 +24 +3 -40 +1 +7 +32 -37 -26 -31 +57 +27 +30 +2 +42 +30 +6 +2 -4 +44 -9 +34 +59 +1 +50 +38 +1 -10 +19 +33 +1 +13 $
>NC_009998.1
+14 +54 $
>NC_009999.1
+54 +14 $
