>R_scaffold_13
+30 +29 +42 $
>R_scaffold_8
-11 +37 -16 +20 $
>R_scaffold_10
+26 $
>R_scaffold_3
+10 -40 +48 $
>R_scaffold_11
-71 +12 $
>R_scaffold_9
+69 $
>R_scaffold_17
+44 $
>R_scaffold_2
+9 +33 +52 $
>R_scaffold_7
+66 +36 +74 +19 $
>R_scaffold_12
+47 +78 +67 +74 $
>R_scaffold_1
+76 +32 +58 +5 +45 +8 -28 $
>R_scaffold_6
-61 +13 +62 -64 +60 $
>R_scaffold_4
-14 +22 +7 -15 $
>R_scaffold_21
+35 $
>R_scaffold_14
+43 $
>R_scaffold_23
+34 $
>R_scaffold_20
-77 +23 $
>R_scaffold_0
+56 +27 +51 +39 +75 +57 +17 +55 +50 +18 +59 $
>R_scaffold_26
+19 $
>R_scaffold_5
+38 +73 $
>R_scaffold_16
+70 $
>R_scaffold_15
+49 +24 +25 $
>R_scaffold_27
+53 $
>R_scaffold_29
+6 $
>R_scaffold_18
+68 -21 $
>R_scaffold_19
+63 +31 +65 $
>R_scaffold_34
-1 $
>NC_017566.1
+65 +1 +21 +37 -6 -53 +1 +26 +1 -20 +16 +42 +1 +10 -38 +48 +3 -41 -18 +12 -17 +69 +1 +44 +9 -24 +52 +66 -2 +36 +76 +47 +32 +78 -23 +77 +58 -22 +14 -62 +64 -13 +46 +46 +60 +61 +28 -5 -8 +7 -67 -1 +35 +43 +34 +72 +72 +56 -33 +27 +39 +57 +75 +55 -45 +50 +71 +59 +40 +73 +70 +49 +51 +54 +3 -3 +41 +54 +25 -1 -2 -29 +11 +68 +2 -30 +4 -4 -1 -2 +63 +15 +31 $
