>R_scaffold_13
-30 +21 -13 $
>R_scaffold_8
-69 +49 -48 -57 $
>R_scaffold_10
+64 $
>R_scaffold_3
+12 +54 +59 $
>R_scaffold_11
+20 -17 $
>R_scaffold_9
-61 +73 $
>R_scaffold_17
+39 $
>R_scaffold_2
-33 +46 +26 +25 $
>R_scaffold_7
+11 +82 +77 $
>R_scaffold_12
-34 -14 +53 +82 $
>R_scaffold_1
-71 +15 -22 -23 +37 +41 $
>R_scaffold_6
-29 +3 -50 -75 -6 +43 +42 $
>R_scaffold_4
-51 +36 $
>R_scaffold_21
+47 +24 $
>R_scaffold_14
-35 +38 $
>R_scaffold_23
-9 $
>R_scaffold_20
+80 $
>R_scaffold_0
-8 +72 +5 +70 -28 +62 -52 +81 -44 -40 +31 +67 -19 -55 +58 +76 +68 $
>R_scaffold_26
+77 $
>R_scaffold_5
+32 +45 +74 $
>R_scaffold_16
-10 -7 $
>R_scaffold_15
+56 +79 +60 $
>R_scaffold_27
+27 $
>R_scaffold_29
-66 $
>R_scaffold_18
+63 -18 +16 $
>R_scaffold_19
+78 +83 +65 $
>R_scaffold_34
+1 $
>NC_008750.1
+65 -1 -16 +18 +49 +66 -27 -1 +64 -1 +57 +2 +2 +7 -2 +10 -74 +54 -68 +20 -58 +55 +37 +19 -81 +52 -31 +40 -3 +44 -62 +28 -5 +46 -72 +8 +9 -38 +35 -47 -1 +53 +51 +3 +75 -43 +6 +50 +42 +29 -41 +23 +80 +14 +22 +34 -15 +71 +24 -11 -25 +4 -26 +79 +33 -39 +1 -73 +61 +67 +17 +4 +76 -59 +32 -4 +45 -12 +1 +13 +56 +70 +60 +1 +48 +69 +63 -21 +30 +1 +78 -36 +83 $
