>R_scaffold_0
+30 +57 +43 -23 +33 +40 $
>R_scaffold_1
+37 +45 $
>R_scaffold_2
-20 -5 +50 +44 -25 +18 -48 $
>R_scaffold_3
+53 +46 $
>R_scaffold_4
+54 $
>R_scaffold_5
+36 -35 -55 +29 -39 +10 $
>R_scaffold_6
-21 +14 -6 $
>R_scaffold_7
+58 $
>R_scaffold_8
+51 -3 -9 +17 $
>R_scaffold_9
-13 +27 $
>R_scaffold_10
+34 +60 -41 +4 +3 $
>R_scaffold_11
-22 +26 $
>R_scaffold_12
-16 +12 $
>R_scaffold_13
+59 $
>R_scaffold_14
-49 +28 $
>R_scaffold_15
+38 +42 $
>R_scaffold_16
+31 $
>R_scaffold_17
+52 -47 $
>R_scaffold_18
-15 +24 $
>R_scaffold_19
+7 $
>R_scaffold_20
+56 $
>R_scaffold_21
+19 $
>R_scaffold_24
-1 $
>NC_016901.1
-52 -1 +56 -26 +22 -1 +19 +7 -1 -24 +15 -28 +49 -1 -10 +39 +32 +11 +32 -11 -29 +55 -36 -1 +6 -33 +23 +21 -1 +38 -2 +42 +54 -17 +9 -2 +48 +25 +4 -2 +3 -18 -44 +5 +35 +20 +37 +50 +45 -60 +2 -34 +1 +53 +41 +46 +30 +8 -3 +57 +8 +51 -3 -4 +43 +14 +40 +58 +1 -12 +16 +59 +1 -27 +13 +31 +1 +47 $
