>R_scaffold_12
+74 $
>R_scaffold_8
+38 +26 +73 $
>R_scaffold_20
+68 +41 $
>R_scaffold_9
-62 +15 $
>R_scaffold_21
-57 +49 $
>R_scaffold_24
+18 $
>R_scaffold_5
-70 +37 $
>R_scaffold_17
+56 -20 $
>R_scaffold_27
-7 $
>R_scaffold_1
+64 -10 -72 +40 $
>R_scaffold_23
-58 +14 $
>R_scaffold_13
-5 +45 +19 -52 +17 $
>R_scaffold_10
+39 -53 +4 +35 -6 +31 $
>R_scaffold_16
+12 $
>R_scaffold_3
-69 +44 +61 +29 +42 -36 +2 +22 $
>R_scaffold_15
-48 +28 $
>R_scaffold_2
-24 +11 $
>R_scaffold_6
-63 +9 +27 -8 $
>R_scaffold_14
+55 -54 +66 $
>R_scaffold_7
-23 +71 -34 +13 +43 +47 $
>R_scaffold_0
-3 -21 +30 +33 -50 +32 $
>R_scaffold_11
-46 +65 +67 $
>R_scaffold_25
+51 $
>R_scaffold_26
+60 $
>R_scaffold_4
+16 $
>R_scaffold_18
+25 +59 $
>R_scaffold_29
-1 $
>NC_008321.1
+59 -1 +74 -1 -60 -51 -1 +26 +10 +73 +68 -65 +46 -32 +50 +49 +18 -30 +21 +56 +3 -66 +54 -9 +63 -11 +24 -28 +48 -1 +8 +19 +36 +17 -42 -13 +34 +69 +39 -44 -71 +23 -61 +12 +35 -31 +6 +43 -4 +53 +29 +47 +2 +52 +22 -45 +5 -14 +58 -40 +72 -64 +7 +55 +27 +1 +20 -37 +70 +33 +57 -15 +62 +1 +1 -41 +67 -38 +1 +16 +1 +25 $
