>R_scaffold_0
-12 +71 +17 +62 +48 -11 +70 -46 -66 +67 -3 -63 +69 -36 +23 $
>R_scaffold_1
-35 +32 +25 -19 +6 +5 +65 +31 $
>R_scaffold_2
+57 +22 +7 +54 +68 $
>R_scaffold_3
-21 +73 $
>R_scaffold_4
-16 +58 +61 -20 +38 $
>R_scaffold_5
+33 +45 +74 +56 $
>R_scaffold_6
+64 +43 -26 +9 $
>R_scaffold_7
+49 -8 $
>R_scaffold_8
-14 +34 +2 $
>R_scaffold_9
+24 +55 -60 $
>R_scaffold_10
+72 -4 +42 +14 $
>R_scaffold_11
+39 +59 +50 $
>R_scaffold_12
+10 $
>R_scaffold_13
-27 +37 +52 $
>R_scaffold_14
+41 $
>R_scaffold_15
-30 $
>R_scaffold_16
+40 +15 $
>R_scaffold_17
+75 +53 $
>R_scaffold_18
+18 $
>R_scaffold_19
+44 $
>R_scaffold_21
+47 $
>R_scaffold_24
+1 $
>NZ_CP046329.1
+56 -1 +41 +18 -1 +13 +29 +51 +51 -28 +13 +59 -24 +40 +50 -1 +75 +31 +53 +1 -15 +55 +47 +44 +1 -52 -62 -37 +27 -39 +1 +60 +10 +8 -45 -23 +36 -9 +26 +63 -22 +3 -70 +11 +66 +2 +46 -48 -17 +61 -71 +12 +21 +1 +42 -65 -25 -6 +19 -32 +28 +29 +5 +35 +57 +7 +73 +4 +54 -72 +68 +34 -38 +20 -58 +16 +30 -1 +64 +2 +67 +43 +69 +33 +49 +74 $
