>R_scaffold_0
+35 +16 +54 +36 +63 +53 +24 -41 +68 +59 -49 +62 $
>R_scaffold_1
+67 +74 +23 +66 +28 +60 -61 $
>R_scaffold_2
-22 +57 +11 +31 +13 -27 +34 $
>R_scaffold_3
+51 +58 $
>R_scaffold_4
+71 -42 +9 +50 $
>R_scaffold_5
-48 +40 -8 $
>R_scaffold_6
-64 +33 -10 +56 $
>R_scaffold_7
-20 +69 $
>R_scaffold_8
-45 -3 +4 +2 $
>R_scaffold_9
+15 -43 +70 $
>R_scaffold_10
+65 +73 +44 +45 $
>R_scaffold_11
+32 +38 -14 +26 $
>R_scaffold_12
+5 $
>R_scaffold_13
+52 +47 $
>R_scaffold_14
-19 +37 $
>R_scaffold_15
+30 $
>R_scaffold_16
-7 +46 $
>R_scaffold_17
-55 +39 -25 $
>R_scaffold_18
+17 $
>R_scaffold_19
-21 $
>R_scaffold_21
-6 $
>R_scaffold_24
+1 $
>NC_009438.1
+55 +1 -26 +14 +7 +15 -38 +29 +18 +12 +12 +72 +29 +1 -17 -37 +19 +1 +8 +20 +48 +49 +10 +41 -2 -33 +64 +1 +30 +71 +50 -4 +3 -34 +27 +65 -13 +73 -58 -31 -57 +22 +67 -28 +72 -18 +74 +66 +23 +60 -44 -1 +51 +35 -9 +42 +16 +36 +53 -2 +24 +63 +68 +11 +59 +56 +62 +40 +69 -5 +70 -1 +32 +52 +54 +47 -1 +21 +6 +43 +46 -1 +25 +61 -39 $
