>R_scaffold_23
+19 $
>R_scaffold_13
+44 $
>R_scaffold_9
+40 -55 $
>R_scaffold_10
+39 $
>R_scaffold_3
-18 -35 +12 $
>R_scaffold_4
-38 +43 +30 +47 $
>R_scaffold_18
+67 $
>R_scaffold_2
+56 $
>R_scaffold_8
+16 +49 +66 $
>R_scaffold_11
+15 +66 $
>R_scaffold_1
+50 +48 +36 +68 -65 +32 +58 -11 +5 +7 +10 -3 +9 $
>R_scaffold_7
+4 +8 +6 -17 +27 +63 $
>R_scaffold_5
+42 +45 $
>R_scaffold_16
+26 $
>R_scaffold_12
+20 $
>R_scaffold_14
-24 +22 $
>R_scaffold_0
+28 -25 $
>R_scaffold_6
-14 +46 -37 +33 $
>R_scaffold_17
+61 $
>R_scaffold_15
+57 $
>R_scaffold_22
+51 +29 $
>R_scaffold_24
+31 -59 $
>R_scaffold_19
-23 +21 $
>R_scaffold_20
+41 +34 $
>R_scaffold_29
-1 $
>NC_009052.1
+34 +1 -21 +23 +40 -51 +1 +39 +1 -33 +37 +25 +30 -46 +14 +47 +1 +67 +56 +16 +52 +49 +50 +36 +48 +68 -27 +2 +17 -2 -2 +54 +53 -6 +62 -8 +64 -4 -9 +3 +13 -10 +70 -7 +69 -5 +60 +11 -58 +63 +42 -32 +65 +45 -15 -1 +26 -22 +24 +20 +28 -43 +38 -1 -12 +35 +52 +18 -1 +61 +57 -1 +55 +29 -1 -44 -19 -1 +41 $
>NC_009035.1
+53 -6 +62 -8 +64 -4 -9 +3 +13 -10 +70 -7 +69 -5 +60 +11 $
>NC_009036.1
-2 $
>NC_009037.1
-31 +59 $
>NC_009038.1
+54 $
