>R_scaffold_0
-16 +25 +59 +28 +43 +3 +52 +14 +6 $
>R_scaffold_1
+36 +47 +13 $
>R_scaffold_2
-20 +11 +31 +53 +35 +40 $
>R_scaffold_3
-4 +7 $
>R_scaffold_4
+57 -54 +2 +45 +34 +56 -10 +46 $
>R_scaffold_5
+38 $
>R_scaffold_6
+9 -17 +29 +58 $
>R_scaffold_7
-24 $
>R_scaffold_8
+41 +48 +42 $
>R_scaffold_9
-49 +22 $
>R_scaffold_10
+37 -41 $
>R_scaffold_11
-12 +23 $
>R_scaffold_12
-51 $
>R_scaffold_13
+27 $
>R_scaffold_14
-15 +8 $
>R_scaffold_15
-18 +55 $
>R_scaffold_16
+39 $
>R_scaffold_17
-5 +32 $
>R_scaffold_18
-50 +33 $
>R_scaffold_19
+21 +26 $
>R_scaffold_20
+60 $
>R_scaffold_21
+19 $
>R_scaffold_24
-1 $
>NZ_CP028355.1
+42 -46 +10 +59 -34 +28 -2 -2 +54 +43 +44 +3 +44 +3 +18 +1 +9 +14 +58 +1 +38 +1 +51 +27 +1 -22 +49 +39 +1 -32 +5 -1 +60 -23 +12 -1 +21 +19 +26 -1 -33 +50 -8 +15 -1 +24 -6 -29 +17 -52 +55 -30 +57 +45 +56 -25 +16 -7 +4 -1 +37 -13 -11 +20 +36 +53 +47 +31 +35 +30 +40 +48 $
