>R_scaffold_5
+21 -5 +31 $
>R_scaffold_7
+25 +28 $
>R_scaffold_2
+20 -32 +38 -17 +16 $
>R_scaffold_0
-29 +44 +15 -35 -34 -10 -39 +7 +37 -12 $
>R_scaffold_4
+45 $
>R_scaffold_9
-8 +19 $
>R_scaffold_6
+11 $
>R_scaffold_3
+27 $
>R_scaffold_1
-14 +23 +42 +26 $
>R_scaffold_8
+24 -9 +40 $
>R_scaffold_15
+30 $
>R_scaffold_16
+43 $
>R_scaffold_10
+18 +47 $
>R_scaffold_12
+22 +33 $
>R_scaffold_17
+1 $
>NC_011663.1
+33 +1 +21 +1 +25 +9 +28 +1 +1 +20 +6 +41 -4 +6 +4 +38 +1 -23 +14 -27 -11 +15 -19 +8 +1 +44 -45 +37 +12 -7 +39 +13 +34 +10 +35 +29 -1 -16 +17 +42 +32 +26 +41 +24 +40 -1 +30 +43 -1 +47 -31 +18 +5 -1 +22 $
>NC_011664.1
+46 +13 +36 -3 +2 $
>NC_011668.1
-2 +3 +46 $
>NC_011665.1
+36 -3 +2 $
