>R_scaffold_0
+55 +31 +57 +39 +74 +56 +5 +54 +51 +4 +61 $
>R_scaffold_1
-64 +15 +66 -67 +62 -16 +24 +6 -17 $
>R_scaffold_2
+41 +78 +49 +63 +60 -33 -27 +14 $
>R_scaffold_3
+35 +76 $
>R_scaffold_4
+11 +34 +52 $
>R_scaffold_5
-48 +40 -30 +73 $
>R_scaffold_6
+9 -13 +79 $
>R_scaffold_7
+22 +77 $
>R_scaffold_8
-21 +23 -36 -70 $
>R_scaffold_9
-12 +37 -18 +20 $
>R_scaffold_10
+46 +80 +71 -23 +21 $
>R_scaffold_11
+7 +69 +65 $
>R_scaffold_12
+29 $
>R_scaffold_13
+50 +25 +26 $
>R_scaffold_14
-47 +32 $
>R_scaffold_15
+43 $
>R_scaffold_16
+58 -19 $
>R_scaffold_17
+8 -10 +45 +68 $
>R_scaffold_18
-28 $
>R_scaffold_19
+59 $
>R_scaffold_21
+72 $
>R_scaffold_24
+1 $
>NC_017566.1
-8 +1 +19 +37 +72 +59 +1 +28 -32 +47 +1 -20 +18 -7 +1 -73 +30 -22 +48 -3 -42 -4 +13 -5 -9 +1 +43 +11 -25 +52 +70 +2 +36 -14 +27 +46 +33 +80 -76 -60 -24 +16 -66 +67 -15 +44 +44 +62 +64 +41 +63 +78 +6 -71 -1 +35 +75 +75 +55 -34 +31 +39 +56 +74 +54 +49 +51 +79 +61 +40 +77 -29 +50 +57 +53 -3 +3 +42 +53 +26 -1 +2 +69 +12 +58 -2 +65 +38 -38 -1 +2 -68 +17 -45 +10 $
