>R_scaffold_13
+58 +72 $
>R_scaffold_8
+73 -25 +41 -64 $
>R_scaffold_10
-44 +3 $
>R_scaffold_3
+12 +54 -30 $
>R_scaffold_11
+5 -20 +16 $
>R_scaffold_9
-35 $
>R_scaffold_17
-27 $
>R_scaffold_2
-43 +53 +45 -59 +42 $
>R_scaffold_7
+13 +34 +80 +71 $
>R_scaffold_12
+18 -63 +77 +80 $
>R_scaffold_1
-76 +62 -9 -11 -28 +57 +15 +14 -74 +65 $
>R_scaffold_6
+79 -2 -51 +68 -26 +36 +47 $
>R_scaffold_4
-81 +75 $
>R_scaffold_21
+48 $
>R_scaffold_14
+40 $
>R_scaffold_23
-17 +21 $
>R_scaffold_20
+67 $
>R_scaffold_0
+6 +23 -46 -66 +49 -38 +69 +78 +61 -24 -56 +55 +70 -33 $
>R_scaffold_26
+71 $
>R_scaffold_5
+50 -32 $
>R_scaffold_16
-7 $
>R_scaffold_15
-29 +22 +60 -8 $
>R_scaffold_27
+37 $
>R_scaffold_29
+31 $
>R_scaffold_18
-10 +19 $
>R_scaffold_19
-52 -39 +4 $
>R_scaffold_34
+1 $
>NZ_CP028435.1
+81 -2 -68 -36 +26 +51 +47 -79 -65 +74 +28 -14 +11 +67 +63 +9 -18 -62 +76 -34 -42 +59 +60 -53 +43 +27 +1 +35 +61 -16 +20 +70 +30 -57 +50 -12 +1 -3 +44 +1 +37 +31 +25 +19 +1 -4 +39 +75 +52 -1 +58 +10 +73 +41 -1 +64 +72 -1 +8 +66 -22 +29 +7 +32 +54 +33 +5 -55 +56 +15 +24 +38 -78 +2 -69 -49 +46 -13 -23 +45 -6 -21 +17 -40 -48 -1 +77 $
