>R_scaffold_13
+8 -19 +6 $
>R_scaffold_8
-41 +64 -16 +62 $
>R_scaffold_10
+44 $
>R_scaffold_3
+18 +11 +25 $
>R_scaffold_11
-21 +24 +47 $
>R_scaffold_9
+48 $
>R_scaffold_17
+22 $
>R_scaffold_2
+42 -28 +3 $
>R_scaffold_7
+54 +58 +74 +32 $
>R_scaffold_12
+29 +59 -57 +74 $
>R_scaffold_1
+71 +63 +14 +35 +51 +20 +53 +66 $
>R_scaffold_6
+39 -2 +40 +34 +73 -13 $
>R_scaffold_4
+37 -38 $
>R_scaffold_21
+49 $
>R_scaffold_14
+23 $
>R_scaffold_23
+50 $
>R_scaffold_20
-52 +9 $
>R_scaffold_0
+55 +30 +67 +69 +15 +60 +68 +65 -17 +61 +70 +33 +4 $
>R_scaffold_26
+32 $
>R_scaffold_5
+5 +72 $
>R_scaffold_16
+12 $
>R_scaffold_15
+26 +10 +27 $
>R_scaffold_27
-56 $
>R_scaffold_29
+36 $
>R_scaffold_18
+46 +31 $
>R_scaffold_19
+45 +43 +7 $
>R_scaffold_34
-1 $
>NZ_CP066370.1
+7 +1 -31 +64 -36 +56 +1 +44 +1 +18 -5 +51 +25 -33 +47 +17 +48 +1 +22 +42 -10 +3 +58 +71 +29 +63 +59 -9 +52 +14 +53 +35 +66 +39 +13 +40 +73 +34 +2 +37 +57 -1 +49 +23 +50 +55 +28 +30 +54 +67 +15 +68 -2 +65 +60 +61 -20 +70 -24 +21 +4 -11 +72 +12 +26 +69 +27 -1 -6 +19 +62 -1 +16 +41 +46 -8 -1 +45 +38 +43 $
