>R_scaffold_13
+31 -21 +77 $
>R_scaffold_8
-30 +65 -35 $
>R_scaffold_10
-39 +9 $
>R_scaffold_3
-56 +48 -64 +47 +67 -23 $
>R_scaffold_11
+52 +51 $
>R_scaffold_9
-72 +10 $
>R_scaffold_17
+18 $
>R_scaffold_2
+29 +62 -53 +3 $
>R_scaffold_7
-2 +26 +27 +76 $
>R_scaffold_12
-32 -43 +78 +27 $
>R_scaffold_1
-5 +54 +6 -61 +17 -11 +42 $
>R_scaffold_6
-7 -63 +41 -25 +59 $
>R_scaffold_4
+70 +38 $
>R_scaffold_21
+57 $
>R_scaffold_14
+19 $
>R_scaffold_23
+58 $
>R_scaffold_20
+74 $
>R_scaffold_0
-36 +34 -24 -81 -71 -28 -73 -79 +69 -44 +46 -40 +68 +75 -55 +66 $
>R_scaffold_26
+76 $
>R_scaffold_5
+80 -13 $
>R_scaffold_16
-60 +14 $
>R_scaffold_15
-33 -4 $
>R_scaffold_27
-16 $
>R_scaffold_29
-15 $
>R_scaffold_18
+12 +49 $
>R_scaffold_19
+22 +8 $
>R_scaffold_34
+1 $
>NZ_CP046329.1
-48 +56 +1 -9 +39 +1 +45 +37 +50 +50 -20 +45 +21 +30 +12 -31 +1 -8 +38 -22 -1 -49 +65 +15 +16 -1 +4 +81 +33 +77 -1 +35 -14 +60 +13 +67 -66 +55 +52 -68 +40 +17 -46 +44 +28 +79 +2 +73 +71 +24 +62 -34 +36 -58 -19 -57 -1 +78 -70 -41 +25 +63 +20 +37 +59 +7 -42 +11 +61 +74 +43 -6 +32 -54 +5 -26 -3 +53 -29 -18 +1 -10 +72 +2 +69 -51 +75 +23 +80 -47 +64 $
