>R_scaffold_13
+34 +35 +41 $
>R_scaffold_9
-11 +9 -16 +21 $
>R_scaffold_10
+27 $
>R_scaffold_3
+10 -39 +46 $
>R_scaffold_4
-71 +12 +68 $
>R_scaffold_18
+42 $
>R_scaffold_2
+63 +31 +50 $
>R_scaffold_8
+65 +29 +74 $
>R_scaffold_11
+45 +70 +66 +74 $
>R_scaffold_1
+76 +32 +56 +7 +43 +4 -36 $
>R_scaffold_7
-59 +13 +60 -62 +58 $
>R_scaffold_5
-14 +23 +5 -15 $
>R_scaffold_16
+30 $
>R_scaffold_12
+78 -77 +24 $
>R_scaffold_14
-19 +20 $
>R_scaffold_0
+54 +28 +49 +38 +75 +55 +17 +53 +48 +18 +57 $
>R_scaffold_6
+37 +73 $
>R_scaffold_17
+69 $
>R_scaffold_15
+47 +25 +26 $
>R_scaffold_22
+51 $
>R_scaffold_24
+6 $
>R_scaffold_19
+67 -22 $
>R_scaffold_20
+61 +33 +64 $
>R_scaffold_29
+1 $
>NC_017566.1
+64 -1 +22 +9 -6 -51 -1 +27 -1 -21 +16 +41 -1 +10 -37 +46 -3 -40 -18 +12 -17 +68 -1 +42 +63 -25 +50 +65 -2 +29 +76 +45 +32 +70 -24 +77 +56 -23 +14 -60 +62 -13 +44 +44 +58 +59 +36 -7 -4 +5 -66 +1 +30 -20 +19 +78 +72 +72 +54 -31 +28 +38 +55 +75 +53 -43 +48 +71 +57 +39 +73 +69 +47 +49 +52 -3 +3 +40 +52 +26 +1 -2 -35 +11 +67 +2 -34 +8 -8 +1 -2 +61 +15 +33 $
