>R_scaffold_0
+67 -12 $
>R_scaffold_1
-8 +10 -5 +15 -13 +25 +57 +53 $
>R_scaffold_2
+6 +4 +7 +3 +9 +63 +68 +50 -55 +26 +21 -43 +48 $
>R_scaffold_3
+22 $
>R_scaffold_4
+62 $
>R_scaffold_5
+54 +20 $
>R_scaffold_6
-24 +47 -60 +61 $
>R_scaffold_7
-46 +11 $
>R_scaffold_8
-27 -14 +35 -71 +17 $
>R_scaffold_9
+51 -45 +33 $
>R_scaffold_10
-19 +23 +27 $
>R_scaffold_11
+69 $
>R_scaffold_12
-29 +38 $
>R_scaffold_13
+59 $
>R_scaffold_14
-49 +28 $
>R_scaffold_15
+36 $
>R_scaffold_16
+41 $
>R_scaffold_17
-42 +18 +52 $
>R_scaffold_18
-66 +34 $
>R_scaffold_19
+44 +56 $
>R_scaffold_20
-32 +31 $
>R_scaffold_21
+39 +72 $
>R_scaffold_24
+1 $
>NC_009052.1
-18 +42 +1 -41 +51 +56 +1 -34 +66 -28 +49 +1 -11 +12 +60 +46 -47 +24 +1 +36 +62 -17 +71 +70 -35 +14 -48 +43 -26 +55 -21 -50 -25 +13 -2 -15 +2 +2 +30 +73 +5 +16 -10 +64 +8 +6 +37 +4 +65 +7 +58 +3 +40 +9 +63 +57 +68 +53 -23 +19 -1 +22 +67 +61 -1 +54 +70 +20 -1 -38 +29 +59 -1 -33 +45 -44 -1 +69 -31 +32 -1 -52 $
>NC_009035.1
+73 +5 +16 -10 +64 +8 +6 +37 +4 +65 +7 +58 +3 +40 +9 $
>NC_009036.1
+2 $
>NC_009037.1
+72 +39 $
>NC_009038.1
+30 $
