>R_scaffold_5
+16 +45 +23 +34 $
>R_scaffold_7
+50 +41 $
>R_scaffold_11
+65 $
>R_scaffold_2
+70 -49 +60 -12 +68 +36 +39 -21 $
>R_scaffold_0
-20 +13 +22 -46 -5 -28 +6 +66 +40 +63 +10 +43 +24 +47 +56 -2 +18 +58 +4 $
>R_scaffold_4
+67 +64 $
>R_scaffold_9
+3 $
>R_scaffold_14
+27 $
>R_scaffold_6
+14 -44 $
>R_scaffold_3
+25 +52 -15 +38 -32 -61 $
>R_scaffold_1
+17 +29 -51 +31 +11 +8 +26 +57 +71 $
>R_scaffold_13
+59 +19 $
>R_scaffold_8
+62 -37 +55 +48 +30 $
>R_scaffold_15
+9 $
>R_scaffold_16
+69 $
>R_scaffold_10
+54 +33 $
>R_scaffold_12
+7 $
>R_scaffold_17
-1 $
>NZ_CP023019.1
+5 +52 -13 +20 +1 +21 -36 +8 +49 +57 +1 +71 +62 +55 +46 +30 +1 -34 -19 -23 +12 +54 -45 +33 +1 +7 -1 -42 -53 +53 +16 -59 -1 -69 -9 -1 +50 +37 +41 -1 +65 +70 -26 +68 -1 -11 +51 +39 -17 +61 -29 +32 -48 -38 +15 +22 -25 +44 +10 -14 -27 -3 -1 +66 +63 -64 +35 +43 +47 +60 -31 +42 +24 +56 +18 +4 +58 +2 +67 -35 -40 -6 +28 $
