>R_scaffold_5
+32 +23 $
>R_scaffold_7
+41 +47 $
>R_scaffold_2
+21 +48 +13 +16 $
>R_scaffold_0
+29 +26 +44 -24 +39 -19 +40 +18 +3 -4 +31 -9 -34 $
>R_scaffold_4
+11 $
>R_scaffold_9
+14 $
>R_scaffold_14
+45 $
>R_scaffold_6
+37 $
>R_scaffold_3
+33 +28 +6 $
>R_scaffold_1
+43 +25 -7 +27 +35 $
>R_scaffold_8
+8 +36 +38 $
>R_scaffold_15
+20 $
>R_scaffold_16
-12 -10 $
>R_scaffold_10
+5 $
>R_scaffold_12
+42 +30 $
>R_scaffold_17
-1 $
>NC_009052.1
+30 -1 -5 +23 -1 +41 -36 +47 -1 -27 +7 +21 -25 +48 +16 -1 +29 -28 +26 +49 +44 +39 +18 +40 +31 +34 +2 +9 -2 -2 +17 +22 +4 +46 -3 +15 +11 +19 +24 +1 +14 +45 +37 +33 +6 +43 +1 -13 +49 +1 +35 +8 +38 +1 +20 +1 -32 +1 +42 $
>NC_009035.1
+22 +4 +46 -3 +15 $
>NC_009036.1
-2 $
>NC_009037.1
+12 +10 $
>NC_009038.1
+17 $
