>R_scaffold_7
+52 +16 +67 -19 +13 $
>R_scaffold_13
+3 $
>R_scaffold_17
+38 +56 $
>R_scaffold_8
+65 $
>R_scaffold_4
+45 -61 +18 +30 $
>R_scaffold_2
-40 +9 +4 -6 +41 +59 +71 $
>R_scaffold_6
+12 -54 +27 $
>R_scaffold_3
+20 $
>R_scaffold_27
+66 $
>R_scaffold_25
+10 $
>R_scaffold_1
+50 +55 +60 -7 +22 +28 +14 +58 -5 $
>R_scaffold_14
+53 $
>R_scaffold_23
+70 $
>R_scaffold_5
+73 $
>R_scaffold_10
+47 $
>R_scaffold_20
+36 $
>R_scaffold_0
+69 +62 +21 -44 +32 +33 +63 +49 +72 +43 +37 +17 +51 $
>R_scaffold_18
+48 $
>R_scaffold_12
+64 $
>R_scaffold_9
+68 +8 $
>R_scaffold_21
+23 $
>R_scaffold_26
+11 $
>R_scaffold_11
+34 +46 -35 +24 +25 $
>R_scaffold_15
+15 +29 $
>R_scaffold_28
+16 $
>R_scaffold_30
-1 $
>NC_009438.1
+29 +1 +52 +67 -24 +35 +39 +3 +42 +31 +31 +57 +39 +3 +56 +1 +65 +2 +1 +45 +4 -34 +30 +59 -37 +26 +71 +1 +12 +44 +20 +50 +66 +55 +10 -62 +60 +22 +5 +57 -42 +28 +58 +14 +53 +70 +73 -1 -2 +47 +36 +69 +21 -27 +54 +32 +63 +72 +26 +43 +49 +17 +7 +51 +48 -41 +6 -18 +61 -9 +40 +64 +38 -1 -2 -13 +19 +68 +33 +8 -1 +23 +11 +46 +25 -1 +15 $
