>R_scaffold_0
+57 +59 +60 +41 +37 $
>R_scaffold_1
+18 -43 +20 +21 +23 $
>R_scaffold_2
-56 +19 +10 +49 +55 -8 +42 -33 -27 +12 $
>R_scaffold_3
+36 $
>R_scaffold_4
+62 $
>R_scaffold_5
-46 +51 -48 -6 -7 +24 $
>R_scaffold_6
+35 +53 -34 +29 $
>R_scaffold_7
+22 $
>R_scaffold_8
+2 -3 -11 +52 $
>R_scaffold_9
-26 +38 $
>R_scaffold_10
+25 +3 -2 $
>R_scaffold_11
-5 +31 $
>R_scaffold_12
-14 +58 $
>R_scaffold_13
+47 $
>R_scaffold_14
-61 +15 $
>R_scaffold_15
+9 $
>R_scaffold_16
+17 $
>R_scaffold_17
-16 +40 -50 +30 $
>R_scaffold_18
+13 $
>R_scaffold_19
+28 +45 $
>R_scaffold_20
+39 $
>R_scaffold_21
+44 $
>R_scaffold_24
-1 $
>NC_009665.1
-40 +16 -1 +39 -31 +5 -1 +28 +44 +45 -1 -13 -15 +61 -1 -24 +7 +32 +54 +32 -54 +6 -51 +46 -1 -29 +34 -41 -35 -1 +9 +62 -52 +11 -12 +27 -2 -4 -42 +8 -2 +33 -55 -10 +48 -19 +56 +18 +43 -20 +21 +49 +23 +2 -3 -25 +1 +36 +57 +4 +2 +59 +4 +2 +60 +53 +37 +22 +1 -58 +14 +47 +1 -38 +26 +17 +1 -30 +50 $
