>R_scaffold_0
+61 +34 +76 +65 +18 +73 +64 +66 -3 +69 +74 +37 +4 $
>R_scaffold_1
+46 +2 +47 +51 +71 -16 +42 -45 $
>R_scaffold_2
+12 -57 +29 -54 -41 -17 +60 -23 +11 $
>R_scaffold_3
+53 -55 +10 $
>R_scaffold_4
+49 -28 +5 $
>R_scaffold_5
-27 +14 -30 +43 $
>R_scaffold_6
-40 +44 -31 +33 +56 $
>R_scaffold_7
+20 +70 $
>R_scaffold_8
-36 +63 -39 +22 -59 $
>R_scaffold_9
-48 +67 -19 +75 $
>R_scaffold_10
+32 +68 -72 -63 +36 $
>R_scaffold_11
+58 +38 $
>R_scaffold_12
-15 $
>R_scaffold_13
+25 +24 +26 $
>R_scaffold_14
-8 $
>R_scaffold_15
+21 $
>R_scaffold_16
+52 +35 $
>R_scaffold_17
-9 -50 +6 $
>R_scaffold_18
+7 $
>R_scaffold_19
+62 $
>R_scaffold_21
+13 $
>R_scaffold_24
+1 $
>NZ_CP066370.1
+9 +1 -35 +67 +13 +62 +1 -7 +8 +1 -43 +30 -20 +54 +27 -37 -33 +31 +3 -44 +40 +1 +21 +49 -24 +5 -22 +39 -11 +23 +32 -60 +68 -10 +55 +17 +57 +41 -12 +46 +16 +47 +71 +51 -2 +42 +72 -1 +53 +61 +28 +34 +59 +76 +18 +64 +2 +66 +73 +69 +29 +74 +56 +4 +14 +70 +15 +25 +65 +26 -1 +58 +75 -1 +19 +48 +52 +38 -1 -6 +45 +50 $
