>R_scaffold_7
+59 +60 +37 $
>R_scaffold_13
-21 +51 $
>R_scaffold_17
-35 $
>R_scaffold_8
+25 $
>R_scaffold_4
+54 +36 +42 +38 $
>R_scaffold_19
+39 $
>R_scaffold_2
-16 +26 +57 $
>R_scaffold_6
+41 +52 $
>R_scaffold_3
+33 $
>R_scaffold_27
+53 $
>R_scaffold_25
+20 $
>R_scaffold_1
+49 +12 +24 +18 +47 +58 +9 +29 $
>R_scaffold_14
+23 +64 $
>R_scaffold_23
+63 $
>R_scaffold_5
+40 -3 +31 +46 $
>R_scaffold_10
+30 $
>R_scaffold_20
+10 +48 $
>R_scaffold_0
+56 +61 +66 -15 +32 $
>R_scaffold_18
-43 $
>R_scaffold_16
+7 -19 +22 +17 $
>R_scaffold_12
+55 $
>R_scaffold_9
+28 $
>R_scaffold_21
-11 $
>R_scaffold_26
+27 $
>R_scaffold_11
+34 $
>R_scaffold_15
+44 +62 $
>R_scaffold_28
+60 $
>R_scaffold_30
-1 $
>NC_009997.1
+62 +1 +59 +37 +2 +1 -27 +11 +1 +25 +1 +54 +65 +13 +65 -13 +36 +38 -17 -7 +1 +43 -32 +15 +57 +1 +41 -4 +52 +33 +49 -4 +12 +18 -6 +3 -6 -4 +3 +24 +47 +14 +58 -9 -22 +19 +5 +5 +5 +5 +29 +64 +23 +63 +40 +46 -20 +4 -53 -1 -2 +30 +10 -42 +48 -14 +56 +8 -3 +31 +61 +8 +39 -3 +6 +66 -26 +16 -1 +55 +28 -1 +35 -51 +21 +34 -1 +44 $
>NC_009998.1
+45 +50 $
>NC_009999.1
+50 +45 $
