>R_scaffold_5
+39 -5 +27 $
>R_scaffold_7
-9 +12 $
>R_scaffold_2
-7 +31 +14 +18 $
>R_scaffold_0
+6 +38 +46 +35 +29 +16 -23 +13 +37 +10 +44 +36 -8 +45 $
>R_scaffold_4
+19 $
>R_scaffold_9
+42 $
>R_scaffold_14
+15 $
>R_scaffold_3
+25 +17 +21 +40 $
>R_scaffold_1
+47 +3 +4 +22 +30 $
>R_scaffold_8
+32 +43 -34 $
>R_scaffold_15
+26 $
>R_scaffold_16
+33 $
>R_scaffold_10
+20 +28 $
>R_scaffold_12
+41 -2 +48 $
>R_scaffold_17
+1 $
>NZ_CP028730.1
+48 +1 +39 +1 +34 -32 -30 +1 +31 +1 -3 +18 +1 +6 +11 +38 -21 -25 +46 +24 +24 +35 +16 +37 +44 +10 +11 +36 +45 +8 +19 +2 +23 -29 -1 +42 +15 -13 +17 +40 +47 -14 +4 +7 +22 -1 -12 +43 +9 -1 +26 +33 -1 +20 -27 +5 +28 -1 +41 $
