>R_scaffold_0
-26 +39 $
>R_scaffold_1
-10 +17 -25 -33 +32 $
>R_scaffold_2
+49 +46 +43 +27 +16 +53 +30 $
>R_scaffold_3
+7 +35 -41 +51 $
>R_scaffold_4
-5 +8 $
>R_scaffold_5
+11 -31 +20 $
>R_scaffold_6
+6 -57 $
>R_scaffold_7
+62 $
>R_scaffold_8
+21 -15 +44 +60 $
>R_scaffold_9
-13 +4 +52 $
>R_scaffold_10
+34 -44 +15 $
>R_scaffold_11
+50 -14 +55 $
>R_scaffold_12
-28 -12 $
>R_scaffold_13
+61 $
>R_scaffold_14
-24 +23 $
>R_scaffold_15
-9 +18 $
>R_scaffold_16
+38 $
>R_scaffold_17
-45 +48 $
>R_scaffold_18
-42 +22 $
>R_scaffold_19
+36 -40 $
>R_scaffold_20
+59 $
>R_scaffold_21
+54 $
>R_scaffold_24
-1 $
>NC_011663.1
+45 -1 +59 -55 +14 +52 -1 -22 +42 -23 +24 -1 -1 -20 +31 +58 +56 -19 +58 +19 -11 -1 +57 +26 -51 +41 -7 -1 +34 -32 +33 -46 +25 -21 -17 +10 +49 +43 +16 +47 +27 +53 +35 +30 +60 -8 +5 -18 +9 +1 +6 +39 +62 +12 +56 +28 +61 +1 +40 -54 -36 +1 +50 -4 +13 +38 +1 -48 $
>NC_011664.1
+37 +47 +29 -2 +3 $
>NC_011668.1
-3 +2 +37 $
>NC_011665.1
+29 -2 +3 $
