>R_scaffold_13
+37 +70 $
>R_scaffold_9
+64 +24 +15 -59 $
>R_scaffold_10
-29 +31 $
>R_scaffold_3
-42 +63 +69 -35 $
>R_scaffold_4
+60 -43 +38 -16 $
>R_scaffold_18
+11 $
>R_scaffold_2
-5 +3 +79 +7 $
>R_scaffold_8
+56 -17 +73 $
>R_scaffold_11
+40 +25 +72 +73 $
>R_scaffold_1
-26 +52 -61 -53 +23 -41 +8 +57 -75 +33 $
>R_scaffold_7
+74 -2 -4 -77 -58 +34 +78 $
>R_scaffold_5
+27 +71 $
>R_scaffold_16
-67 +10 $
>R_scaffold_12
+39 +68 $
>R_scaffold_14
+65 $
>R_scaffold_0
-55 +22 +46 -19 +80 -18 -21 -76 -62 +50 -47 +13 -66 +81 +6 $
>R_scaffold_6
+30 -28 +12 $
>R_scaffold_17
-45 +48 $
>R_scaffold_15
-20 +49 +51 $
>R_scaffold_22
+36 $
>R_scaffold_24
+32 $
>R_scaffold_19
+54 +44 $
>R_scaffold_20
-14 -9 $
>R_scaffold_29
-1 $
>NZ_CP028435.1
-27 -2 +77 -34 +58 +4 +78 -74 -33 +75 -23 -57 +53 +68 -25 +61 -40 -52 +26 +17 -7 +49 -3 +5 -11 -1 +16 +50 -38 +43 +81 +35 +41 +30 -63 +42 -1 -31 +29 -1 +36 +32 -24 +44 -1 +9 +71 +14 +1 +37 -54 +64 +15 +1 +59 +70 +1 -51 -80 +20 -48 +45 -12 +28 +69 -6 +60 +66 +8 -13 +47 +21 +62 +2 +76 +18 +19 -56 -46 +79 -22 +55 -39 +65 -10 +67 +1 +72 $
