>R_scaffold_28
+20 $
>R_scaffold_30
+43 $
>R_scaffold_13
-71 +19 $
>R_scaffold_8
+40 -57 $
>R_scaffold_10
+39 $
>R_scaffold_3
-18 -34 +12 $
>R_scaffold_11
-37 +42 +29 +46 $
>R_scaffold_9
+60 $
>R_scaffold_17
+70 $
>R_scaffold_2
+58 $
>R_scaffold_7
+16 +50 +69 +66 $
>R_scaffold_12
+15 +69 $
>R_scaffold_1
+51 +48 +35 +68 -32 +73 +62 +10 +6 +7 +9 +3 $
>R_scaffold_6
+4 +8 +5 -17 +26 +67 $
>R_scaffold_4
+41 +44 $
>R_scaffold_24
+25 $
>R_scaffold_21
+38 $
>R_scaffold_14
+47 $
>R_scaffold_23
+53 $
>R_scaffold_20
+21 $
>R_scaffold_22
+49 $
>R_scaffold_0
+27 -24 $
>R_scaffold_26
+66 $
>R_scaffold_5
-14 +45 -36 +31 $
>R_scaffold_16
+61 $
>R_scaffold_15
+59 $
>R_scaffold_27
+52 +28 $
>R_scaffold_29
+30 -63 $
>R_scaffold_18
-23 +22 $
>R_scaffold_19
+13 +33 $
>R_scaffold_34
-1 $
>NC_009052.1
+33 +1 -22 +23 +40 -52 +1 +39 +1 -31 +36 +24 +29 -45 +14 +46 +60 +1 +70 +58 +16 +54 +50 +51 +35 +48 +68 -26 -2 +17 +2 +2 +56 +55 -5 +65 -8 +74 -4 -3 +11 -9 +75 -7 +72 -6 +64 -10 -62 +67 +41 -73 +32 +44 -15 -1 +25 +38 +47 +53 +21 +49 +27 -42 +37 -1 -12 +34 +54 +18 -1 +61 +59 -1 +57 +28 -1 -19 +71 -43 -20 -1 +13 $
>NC_009035.1
+55 -5 +65 -8 +74 -4 -3 +11 -9 +75 -7 +72 -6 +64 -10 $
>NC_009036.1
+2 $
>NC_009037.1
-30 +63 $
>NC_009038.1
+56 $
